eposide: 1 -82.97361478696993 2350 -48.4190763108956 -25.695260991317443 -8.85927748475705
eposide: 2 -60.42524595983066 3440 -25.76848657662692 -26.357651540032926 -8.299107843170965
eposide: 3 -44.29653015619844 2298 -17.82683630743979 -18.246226527256656 -8.223467321502005
eposide: 4 -46.561076350645635 2294 -19.197084049855814 -19.236163709348784 -8.127828591441164
eposide: 5 -54.08592312261174 3587 -22.629127705907674 -23.10604999080259 -8.350745425901703
eposide: 6 -58.86373931856227 2108 -25.015928548318065 -25.393489362877535 -8.454321407366837
eposide: 7 -44.943831474848885 2294 -18.448442585591916 -18.635541725217056 -7.85984716404002
eposide: 8 -53.678563893275815 3587 -22.73710322345235 -22.597227124399968 -8.34423354542359
eposide: 9 -45.886925795319875 2294 -18.589081137507513 -19.06772730437338 -8.230117353439093
eposide: 10 -49.344826916732444 5394 -20.62491292512212 -20.44656813374601 -8.273345857864399
eposide: 11 -58.49862988905449 2108 -25.014363368918627 -25.27544134793233 -8.208825172203706
eposide: 12 -52.20278195023757 1468 -21.886805507183475 -21.965550841274737 -8.350425601779467
eposide: 13 -60.6167147036263 3440 -26.07608515926609 -26.356312622457068 -8.18431692190341
eposide: 14 -59.7800260767083 3440 -25.917364640022225 -25.900161120826503 -7.962500315859708
eposide: 15 -46.362410992406005 2350 -18.734926112686086 -19.2385501377633 -8.388934741956664
eposide: 16 -43.33923353009792 2298 -17.590317252952765 -17.835909377763773 -7.913006899381503
eposide: 17 -53.140396514841946 3587 -22.396312154887642 -22.566421375569977 -8.177662984384538
eposide: 18 -48.854298355837734 5394 -20.3906858062588 -20.391685769449477 -8.071926780129628
eposide: 19 -53.00489813760548 3587 -22.822614252239088 -22.287322388715673 -7.894961496650928
eposide: 20 -43.920282526953116 2298 -18.211516042558156 -17.840688639393786 -7.868077845001264
eposide: 21 -43.9145421581921 2298 -18.21702730556471 -17.698792062358034 -7.9987227902694515
eposide: 22 -53.29883227181758 3587 -23.020644085654492 -22.470805861455958 -7.80738232470735
eposide: 23 -60.44517637284534 3440 -26.49689988492178 -26.006772520867138 -7.941503967056652
eposide: 24 -45.45689294596104 2294 -18.837309353036257 -18.68611951969245 -7.933464073232388
eposide: 25 -44.918395471096545 2294 -18.833323425192564 -18.15464432781218 -7.930427718091991
eposide: 26 -60.785826866018475 3440 -26.312085099185904 -26.306985051064295 -8.166756715768424
eposide: 27 -58.57018215926837 2108 -25.419350294610922 -25.05639351097872 -8.094438353678804
eposide: 28 -60.496089725142106 3440 -25.717156954335582 -26.522742193942783 -8.256190576863819
eposide: 29 -46.71178594282061 2350 -18.225814317960015 -19.525351997867514 -8.960619626993148
eposide: 30 -43.91272106700628 2298 -17.453382989080662 -17.957389880428803 -8.501948197496917
eposide: 31 -60.87590620127285 3440 -25.083288890279636 -26.79922649916183 -8.993390811831574
eposide: 32 -54.22746952036833 3587 -21.921180640948943 -23.513814777907008 -8.792474101512378
eposide: 33 -45.07325053105996 2350 -17.201560489454263 -18.97035786804155 -8.901332173564258
eposide: 34 -44.94192097755938 2294 -17.48685831149373 -18.671028592604888 -8.784034073460896
eposide: 35 -45.86784038977439 2350 -18.059607476088498 -18.671673880213643 -9.136559033472494
eposide: 36 -42.87803404010352 2298 -16.35142373838299 -18.170812522500068 -8.355797779220469
eposide: 37 -45.28831513416891 2350 -17.366037730575602 -19.251975832944233 -8.670301570649192
eposide: 38 -49.469950732061726 5394 -19.42281327654133 -21.286609974969107 -8.760527480551398
eposide: 39 -53.07833315918237 3587 -21.26868674312616 -23.338923412356692 -8.470723003699518
eposide: 40 -59.15316294788188 3440 -24.375313016823984 -26.254307364466918 -8.523542566590992
eposide: 41 -44.66558841965862 2294 -17.386708487588606 -19.06027724400989 -8.218602688060296
eposide: 42 -43.59149443198413 2298 -16.68015973164099 -18.444463554928188 -8.46687114541494
eposide: 43 -48.732690174496476 5394 -19.31313649248749 -20.74099412461129 -8.67855955739773
eposide: 44 -43.77122020375642 2350 -17.48324132465042 -18.148168192603045 -8.139810686502958
eposide: 45 -51.27322341867392 1468 -20.930918550990306 -21.736870223425065 -8.605434644258683
eposide: 46 -42.61346843394462 2298 -16.875046352563142 -17.642597107357876 -8.09582497402365
eposide: 47 -48.205459876987796 5394 -20.201474337222443 -19.586426471930547 -8.417559067835024
eposide: 48 -50.08675068790582 1468 -21.287457335683246 -20.49060407688979 -8.308689275332894
eposide: 49 -55.43326334764433 2108 -23.9035494598306 -23.49340538515056 -8.036308502663276
eposide: 50 -44.79440155507925 2294 -18.170558570656876 -18.718044403565624 -7.905798580856699
eposide: 51 -48.37252381041229 5394 -19.722705565922077 -20.301205085159246 -8.348613159330984
eposide: 52 -52.66510547045958 3587 -21.75479226128584 -22.34918241721194 -8.561130791961933
eposide: 53 -57.432820222801325 2108 -24.380550178229846 -24.81193315810496 -8.240336886466595
eposide: 54 -45.33279652771457 2350 -18.29531745023129 -18.393307380109757 -8.644171697373633
eposide: 55 -45.64743435152422 2350 -18.935958960870554 -17.578514354880387 -9.132961035773377
eposide: 56 -50.01493735518009 1468 -20.935191207727883 -20.254398020856335 -8.825348126595946
eposide: 57 -43.00252624892361 2298 -17.557896337841857 -16.744501524443784 -8.700128386638127
eposide: 58 -51.63987649601007 1468 -21.480437940737783 -21.155777425839297 -9.003661129432992
eposide: 59 -44.29748815173781 2298 -17.82600290585208 -17.056439344975047 -9.415045900910732
eposide: 60 -51.45730469970606 1468 -21.07770678551449 -21.135265110437583 -9.244332803754011
eposide: 61 -44.86958753726334 2350 -17.85639044332968 -17.966912061490305 -9.046285032443436
eposide: 62 -44.71652614128063 2350 -17.794960835367522 -17.806006177754906 -9.115559128158234
eposide: 63 -59.49586624652209 3440 -25.459406930230216 -24.90548559157633 -9.13097372471575
eposide: 64 -49.83412540169856 1468 -20.78743040294087 -20.152939505000614 -8.893755493757107
eposide: 65 -50.5903192571271 1468 -20.836540573991517 -20.697198749136902 -9.056579933998702
eposide: 66 -58.68736190341588 3440 -25.93461385787984 -23.660430369925184 -9.092317675611003
eposide: 67 -45.893637217606596 2294 -19.264995224271214 -18.278590911243956 -8.350051082091541
eposide: 68 -48.48368820433392 5394 -20.865766010117664 -19.01849000185377 -8.599432192362578
eposide: 69 -52.790968405478914 3587 -22.665966546757254 -21.4256991246727 -8.699302734048866
eposide: 70 -48.52697616472594 5394 -20.607657307783946 -19.4523443890636 -8.466974467878645
eposide: 71 -52.121444734953414 3587 -22.318146817489733 -21.52661257104862 -8.276685346415116
eposide: 72 -43.402284466041685 2350 -16.671613651031436 -18.397331322568053 -8.333339492442343
eposide: 73 -42.54662933113377 2294 -16.85458554217028 -17.97609331168024 -7.715950477283355
eposide: 74 -43.6483377924994 2350 -17.083376859020735 -18.381398759531457 -8.183562173947326
eposide: 75 -56.50761889988541 2108 -24.401660812587856 -23.993103707471775 -8.112854379825842
eposide: 76 -50.83032760407742 1468 -21.100872763966986 -20.97668812707216 -8.752766713038387
eposide: 77 -60.66510208307869 3440 -26.93580495185245 -25.121493979416766 -8.607803151809566
eposide: 78 -45.88830452267735 2294 -19.61997592543257 -17.88076384057571 -8.38756475666914
eposide: 79 -47.05703164376399 2294 -19.474918468768912 -18.86758371085235 -8.714529464142815
eposide: 80 -45.700523112565484 2350 -18.79290712204744 -18.695989619775272 -8.211626370742847
eposide: 81 -46.167358170629754 2298 -19.769174952312014 -17.962752192491738 -8.435431025826155
eposide: 82 -46.59660532109428 2294 -19.938025110719135 -18.648940358827083 -8.009639851548123
eposide: 83 -59.08263794549206 2108 -26.12762271160799 -24.652149702626325 -8.302865531257721
eposide: 84 -45.85755410156484 2294 -19.1206124877463 -18.622248916597723 -8.114692697220873
eposide: 85 -50.34835257403775 5394 -20.55254379310832 -20.350409728752226 -9.445399052177493
eposide: 86 -52.694289266383876 1468 -21.654810246777608 -21.946049372417992 -9.09342964718835
eposide: 87 -61.67894916694697 3440 -25.480072041569606 -26.66851956490649 -9.530357560471057
eposide: 88 -57.090116013270894 2108 -23.222384156020457 -24.021757948586306 -9.845973908664202
eposide: 89 -49.70804842439116 5394 -19.09912716016876 -20.55726347464932 -10.051657789573216
eposide: 90 -42.68700534186498 2298 -16.29665728332882 -16.525701968386876 -9.864646090149508
eposide: 91 -43.181299060188884 2298 -16.454371999981877 -16.646306678172472 -10.080620382034581
eposide: 92 -46.17429185550986 2350 -17.795052347980022 -17.920574446128533 -10.458665061401309
eposide: 93 -48.46029189370837 5394 -18.686620395193533 -18.874209058893552 -10.899462439621624
eposide: 94 -58.66672242099952 3440 -23.376079494098835 -24.744454910903407 -10.54618801599741
eposide: 95 -43.95966013169899 2294 -14.786241243959271 -19.176849642084015 -9.996569245655719
eposide: 96 -49.91402114808451 1468 -17.790074384412016 -22.248580592857905 -9.87536617081467
eposide: 97 -50.27222367401761 3587 -18.891016754102598 -22.49378682852197 -8.88742009139317
eposide: 98 -49.71936046238841 3587 -17.66945796399435 -21.717770747394766 -10.332131750999398
eposide: 99 -56.7731203923913 3440 -22.361624414751006 -25.446110772287835 -8.965385205352737
eposide: 100 -50.846529249974864 3587 -20.231990109890138 -22.77837926028652 -7.836159879798283
eposide: 101 -41.922103327580615 2294 -16.17925707480461 -17.854458916371584 -7.888387336404497
eposide: 102 -49.314096701915034 3587 -19.384893222823564 -22.573429619891453 -7.3557738592001956
eposide: 103 -56.93780617639649 3440 -23.196392971488194 -26.382460869968412 -7.358952334939968
eposide: 104 -56.49748195050819 3440 -24.366722751295818 -25.183733110313195 -6.9470260888993485
eposide: 105 -39.862803415562986 2298 -16.93642927553722 -16.250923467735536 -6.675450672290251
eposide: 106 -55.04540936855612 3440 -23.879522145387213 -24.770165137815145 -6.395722085353994
eposide: 107 -41.22668483430241 2294 -18.832896473796243 -17.171578770591278 -5.222209589915025
eposide: 108 -56.40835169026347 3440 -26.87579477296421 -24.97168076017209 -4.560876157127423
eposide: 109 -58.1874884638589 3440 -27.75121915260544 -25.268564419158217 -5.167704892095365
eposide: 110 -42.211835869824235 2350 -19.4525995512302 -17.25203035441654 -5.507205964177573
eposide: 111 -59.43778139866891 3440 -28.291420376553532 -25.675507149620124 -5.470853872495406
eposide: 112 -55.72353431653571 2108 -26.48259271666734 -23.142740392831946 -6.0982012070365235
eposide: 113 -43.596945541573795 2298 -20.793357031725712 -15.911929848173825 -6.891658661674302
eposide: 114 -54.99600813898376 2108 -25.7059420325377 -22.504701925314258 -6.7853641811319
eposide: 115 -53.37592121690209 2108 -25.24357390190703 -21.10757473836941 -7.024772576625651
eposide: 116 -41.554493760812996 2294 -19.34500866034546 -16.12006391320223 -6.089421187265394
eposide: 117 -38.0447084984688 2298 -17.283198447540595 -14.70068897634071 -6.060821074587571
eposide: 118 -52.924874301703845 3440 -24.67320302629657 -22.22900366595848 -6.0226676094490985
eposide: 119 -36.90262891143786 2350 -15.140643640794254 -15.053685093184715 -6.708300177459023
eposide: 120 -37.23438264948427 2350 -15.72835814506962 -14.73258676691178 -6.773437737502923
eposide: 121 -51.11228314893466 3440 -23.36190470517964 -20.941445348513273 -6.808933095241732
eposide: 122 -46.92257345665016 2108 -21.934826513438693 -18.876973568262756 -6.110773374948862
eposide: 123 -41.64335428303899 1468 -19.202785225588624 -16.696909568461408 -5.7436594889890085
eposide: 124 -37.71505176438451 2298 -15.844028436833732 -16.169714723322294 -5.701308604228546
eposide: 125 -40.12639588506327 2294 -17.724267823221144 -16.736785845698247 -5.665342216144084
eposide: 126 -46.258681456749635 3587 -20.408881690168993 -19.86540404267499 -5.984395723905715
eposide: 127 -35.47171814795434 2298 -15.41494150628718 -14.361702690348384 -5.695073951318942
eposide: 128 -39.84052220160864 5394 -17.17946989550557 -16.19359162855572 -6.467460677547556
eposide: 129 -42.019424772732904 3587 -18.058330429132145 -18.220356250768376 -5.740738092832461
eposide: 130 -37.19577356423595 1468 -15.798643346381004 -15.591539129477686 -5.805591088377367
eposide: 131 -46.518346090058586 3440 -21.09891474179649 -19.18355416667357 -6.235877181588693
eposide: 132 -37.97870975748667 1468 -17.27539060945357 -15.032177133894008 -5.671142014139069
eposide: 133 -48.206712776415245 3440 -22.245824609741423 -19.927883967378982 -6.0330041992950205
