epochs :0 2874622.2 150409.12 986031.7 2877858.8 158778.08 1023893.0 0.06999933595720545
epochs :1 161746.03 107828.42 136722.9 169041.34 153271.86 159853.69 0.06999734385401908
epochs :2 109804.03 48134.25 80615.61 162950.39 108744.75 154731.16 0.06999402376603185
epochs :3 53536.09 25709.096 37547.08 119086.51 92366.766 105993.29 0.06998937581922553
epochs :4 26928.21 15821.4375 20583.81 110747.27 85591.9 98064.63 0.06998340018996782
epochs :5 17577.08 11707.044 13731.035 97104.836 82474.65 89356.76 0.06997609710500581
epochs :6 12684.477 9916.105 11090.71 91031.36 79821.664 85592.2 0.06996746684145727
epochs :7 11177.086 9023.51 9993.552 88243.195 79020.24 83445.164 0.06995750972680016
epochs :8 10481.777 8503.924 9329.533 146589.3 79002.06 96791.67 0.0699462261388602
epochs :9 9978.132 8260.082 8880.897 145508.88 92261.27 126826.7 0.06993361650579656
epochs :10 9196.629 7733.7393 8537.574 113548.46 93231.6 102650.43 0.06991968130608557
epochs :11 8762.405 7728.6777 8264.217 95721.11 89322.09 93158.91 0.0699044210685026
epochs :12 8690.176 7496.277 8051.528 103667.71 89059.49 92861.91 0.06988783637210198
epochs :13 8433.944 7368.2603 7899.9253 113974.92 92615.336 100706.27 0.06986992784619506
epochs :14 8873.696 7334.2363 7747.743 107810.94 92558.0 101150.79 0.06985069617032623
epochs :15 8194.136 7152.1406 7632.9224 106581.88 97796.91 102278.29 0.06983014207424727
epochs :16 8087.4683 7075.3003 7524.5645 105874.08 98328.21 102207.875 0.06980826633788959
epochs :17 7878.224 7063.39 7433.952 106428.11 97545.13 101118.06 0.0697850697913346
epochs :18 7966.724 6957.6904 7363.665 109891.36 99455.92 103978.86 0.06976055331478229
epochs :19 7728.4834 7017.8086 7293.1943 110458.52 102742.77 105479.26 0.06973471783851777
epochs :20 8064.567 6857.6187 7238.9395 363088.1 99105.55 165472.28 0.069707564342876
epochs :21 7629.723 6832.6323 7183.426 163514.16 155034.97 158827.67 0.06967909385820462
epochs :22 7556.8657 6709.441 7140.4536 160313.9 93429.55 124060.516 0.06964930746482476
epochs :23 7899.347 6575.9434 7083.9316 96601.805 78591.78 87839.875 0.06961820629299012
epochs :24 7330.3477 6769.1934 7062.8066 88278.5 76157.77 80995.09 0.0695857915228441
epochs :25 7474.6133 6760.6704 7032.6943 89010.98 70461.45 79484.63 0.06955206438437493
epochs :26 7533.0483 6667.607 6998.399 73877.805 53453.84 60050.883 0.0695170261573691
epochs :27 7327.129 6716.7275 6960.594 61800.66 51298.414 54635.332 0.06948067817136275
epochs :28 7307.9575 6462.286 6938.0645 54517.875 48847.21 51216.37 0.06944302180559117
epochs :29 7206.1157 6652.4536 6912.5913 52200.664 46594.242 48929.953 0.06940405848893658
epochs :30 7180.553 6567.2285 6892.0586 58648.75 45523.793 49091.14 0.0693637896998738
epochs :31 7144.823 6511.4004 6864.6694 47685.83 41964.645 44365.324 0.06932221696641423
epochs :32 7292.7705 6578.546 6844.22 46349.27 39684.266 42983.42 0.06927934186604782
epochs :33 7095.205 6490.566 6836.4653 45157.066 38342.79 41516.52 0.06923516602568322
epochs :34 7316.253 6559.6416 6824.8125 41402.21 37094.96 39832.492 0.06918969112158604
epochs :35 7023.5454 6559.9453 6808.673 42236.176 36513.066 39479.09 0.0691429188793153
epochs :36 7176.0728 6566.703 6804.1597 41375.957 36518.574 38587.168 0.06909485107365787
epochs :37 7044.7197 6535.4863 6771.0337 41264.832 36280.03 38651.363 0.06904548952856118
epochs :38 6998.7124 6444.373 6756.666 39917.76 35959.793 37631.555 0.068994836117064
epochs :39 7021.199 6532.753 6757.56 38237.73 33717.492 36423.71 0.06894289276122535
epochs :40 7027.9844 6543.453 6740.6973 37741.31 33964.77 35581.48 0.06888966143205158
epochs :41 6929.4214 6550.5107 6727.3086 38782.44 33029.008 36046.48 0.06883514414942157
epochs :42 6969.0674 6523.023 6722.705 38582.008 32683.49 34798.81 0.06877934298201012
epochs :43 7074.1055 6524.9883 6714.03 42868.465 32517.627 35059.41 0.06872226004720941
epochs :44 7056.868 6396.211 6698.344 42018.688 32581.816 35815.625 0.06866389751104866
epochs :45 7062.099 6213.0 6686.7793 48647.07 31257.463 33918.547 0.06860425758811198
epochs :46 6920.2188 6520.0913 6719.7236 34504.31 30197.86 32410.357 0.06854334254145428
epochs :47 6852.692 6421.4805 6677.865 35285.86 30512.893 32732.922 0.06848115468251542
epochs :48 6897.0 6451.4766 6672.1504 33054.74 29497.979 31116.71 0.06841769637103255
epochs :49 6954.4316 6404.913 6666.357 31916.604 28665.77 30408.951 0.06835297001495048
epochs :50 6879.602 6488.6187 6664.9956 37995.215 29307.719 32290.129 0.06828697807033038
epochs :51 6898.824 6416.589 6666.456 32326.418 26866.62 29663.299 0.06821972304125655
epochs :52 6961.3286 6449.6265 6647.609 30655.504 27398.895 28901.37 0.06815120747974142
epochs :53 6855.6895 6473.056 6660.1777 30686.66 26782.65 29039.346 0.0680814339856287
epochs :54 7060.703 6421.874 6652.3735 29976.451 26488.11 28149.275 0.06801040520649472
epochs :55 6944.894 6471.855 6659.1455 29397.127 26485.219 27905.53 0.06793812383754802
epochs :56 6828.7886 6470.178 6637.9 29559.45 25301.502 27554.074 0.06786459262152698
epochs :57 6862.2637 6451.093 6630.783 30326.527 24307.85 26854.95 0.06778981434859586
epochs :58 6987.151 6443.0503 6625.042 28796.812 23704.523 26268.871 0.06771379185623887
epochs :59 6864.6816 6388.705 6621.9507 26698.133 23020.664 25049.004 0.06763652802915245
epochs :60 6883.7183 6386.478 6615.909 26408.47 22751.951 24912.318 0.0675580257991359
epochs :61 6809.1587 6445.205 6608.2437 26019.998 22880.766 24332.844 0.06747828814498011
epochs :62 6819.0186 6385.053 6610.7383 27631.418 22700.572 24592.39 0.06739731809235446
epochs :63 6839.403 6345.8047 6612.054 24101.66 21729.912 23054.625 0.06731511871369211
epochs :64 6775.267 6444.0977 6607.529 25836.451 20595.502 22889.396 0.06723169312807337
epochs :65 6840.207 6439.1035 6595.4277 23670.217 20640.877 22175.28 0.06714704450110728
epochs :66 6906.465 6401.0293 6612.4355 26681.654 20963.951 22821.727 0.06706117604481165
epochs :67 6838.222 6353.7197 6593.691 22768.625 17264.627 21400.67 0.06697409101749101
epochs :68 6926.2583 6434.287 6597.495 22527.443 19340.213 20970.95 0.06688579272361309
epochs :69 6892.8926 6434.4478 6599.808 22262.059 19034.086 20501.178 0.06679628451368333
epochs :70 6790.9272 6427.212 6595.901 21222.01 18570.588 19964.672 0.06670556978411785
epochs :71 6797.4194 6404.6084 6580.92 21147.408 18552.787 20053.596 0.06661365197711451
epochs :72 12587.679 5836.8877 6731.577 40978.984 18348.89 23006.047 0.0665205345805223
epochs :73 7156.656 5162.098 5863.843 28980.879 19209.172 22923.875 0.06642622112770903
epochs :74 5887.0767 5069.714 5328.848 21203.271 18171.668 19641.65 0.06633071519742718
epochs :75 5373.3203 4846.917 5123.7056 20643.527 17580.176 18940.662 0.06623402041367818
epochs :76 6314.3975 4576.2896 5021.159 22811.844 17283.873 19775.404 0.06613614044557485
epochs :77 4928.472 4586.53 4752.011 20571.816 17384.738 18539.72 0.06603707900720218
epochs :78 5027.698 4196.697 4714.7915 21806.682 17199.625 18817.54 0.06593683985747643
epochs :79 4771.711 4396.321 4590.441 19312.559 16125.181 18008.635 0.06583542680000247
epochs :80 5476.541 4231.3066 4493.9546 19369.043 15996.038 17837.186 0.06573284368292945
epochs :81 4604.32 4174.2305 4412.9 19628.07 16150.421 17501.715 0.06562909439880477
epochs :82 4517.3193 4134.5034 4346.5645 18726.14 15830.854 16918.059 0.0655241828844264
epochs :83 4467.9424 4145.108 4305.5796 17813.174 15331.759 16693.812 0.06541811312069351
epochs :84 4429.996 4059.6018 4238.113 17096.945 15043.415 15992.783 0.06531088913245538
epochs :85 4497.8 4026.1108 4216.6924 17537.887 14799.197 15945.335 0.06520251498835866
epochs :86 4347.894 3977.8699 4145.739 17156.344 14231.192 15670.11 0.06509299480069305
epochs :87 4433.596 3864.7969 4156.7847 17671.828 14551.931 15628.503 0.06498233272523521
epochs :88 4237.787 3851.1604 4010.729 15459.663 13737.577 14651.589 0.06487053296109108
epochs :89 4175.979 3806.1912 3999.4219 16722.963 13743.901 14713.264 0.06475759975053652
epochs :90 4357.06 3817.4932 4018.8694 18229.797 13512.542 15113.457 0.06464353737885636
epochs :91 4076.9958 3786.084 3926.0056 15359.115 12484.285 13805.794 0.06452835017418183
epochs :92 4067.5088 3712.3516 3887.5876 14862.924 12577.854 13651.549 0.06441204250732625
epochs :93 3977.312 3722.644 3829.273 16346.487 12328.182 13365.465 0.06429461879161923
epochs :94 4165.533 3770.2593 3928.1133 16968.87 12583.199 14098.786 0.06417608348273918
epochs :95 3978.826 3619.7136 3804.0757 14354.825 11812.641 12945.654 0.06405644107854426
epochs :96 4019.5662 3569.0977 3801.6316 14856.068 11789.405 12931.805 0.06393569611890171
epochs :97 4097.776 3602.6282 3817.516 16223.642 11989.878 13147.352 0.06381385318551554
epochs :98 3950.3306 3601.9214 3748.7021 13616.098 11001.148 12230.776 0.06369091690175273
epochs :99 3950.752 3573.0164 3738.3435 13430.288 11217.004 12069.046 0.06356689193246774
epochs :100 3826.162 3479.974 3686.669 12603.123 10773.75 11734.663 0.06344178298382558
epochs :101 3947.4512 3489.9832 3701.5688 12776.801 10921.015 11742.996 0.06331559480312314
epochs :102 3999.983 3546.4043 3687.896 14305.735 10272.8 11709.971 0.06318833217860913
epochs :103 3831.0276 3466.7258 3653.8477 12707.274 10340.159 11409.932 0.06305999993930231
epochs :104 3881.5583 3479.8464 3641.4873 12118.221 9973.791 10928.105 0.06293060295480836
epochs :105 3772.326 3478.233 3613.706 12483.681 9953.755 10786.579 0.06280014613513499
epochs :106 3872.0217 3401.3699 3595.4255 11883.769 9372.868 10661.362 0.06266863443050569
epochs :107 3866.6108 3163.8838 3634.8008 12930.838 8737.249 11106.824 0.06253607283117188
epochs :108 4045.2292 3414.8694 3637.2278 14477.271 9862.253 11354.242 0.06240246636722357
epochs :109 3813.6362 3432.3762 3602.9153 11949.929 9598.728 10619.525 0.06226782010839843
epochs :110 3834.374 3458.7507 3585.0913 12557.661 9644.859 10631.094 0.06213213916388951
epochs :111 3687.3386 3408.4316 3551.2341 11681.603 9446.991 10210.392 0.06199542868215129
epochs :112 3649.8083 3320.1672 3506.5645 11152.07 8724.102 9769.649 0.06185769385070436
epochs :113 3721.6125 3377.422 3528.7288 11876.119 9129.183 10023.161 0.061718939895938574
epochs :114 3896.793 3362.3042 3561.9019 11058.922 8838.333 9834.1045 0.061579172082914725
epochs :115 3674.019 3346.896 3460.5586 10156.957 8676.284 9337.677 0.06143839571516475
epochs :116 3775.9324 3340.9268 3496.938 10955.947 8367.693 9549.075 0.06129661613449054
epochs :117 3586.085 3317.7268 3438.3516 9744.152 8272.383 9010.3955 0.06115383872076116
epochs :118 3608.6658 3301.1963 3446.8738 9945.789 8033.4146 8918.476 0.061010068891708784
epochs :119 3790.0781 3216.1565 3489.523 10513.92 7278.6406 9354.324 0.06086531210272304
epochs :120 3649.4014 3282.773 3460.7224 10734.568 8278.145 9270.544 0.06071957384664412
epochs :121 3554.4934 3228.8357 3409.5513 10489.039 7690.9517 8783.457 0.06057285965355423
epochs :122 4586.807 3551.1895 3834.683 21967.305 10521.42 14156.839 0.060425175090567815
epochs :123 3761.4492 3261.772 3461.7483 11045.812 8143.382 9532.464 0.060276525761620285
epochs :124 3523.2224 3161.0632 3358.082 9025.077 7611.0454 8355.651 0.06012691730725543
epochs :125 3522.0203 3199.9329 3361.665 9138.567 7498.141 8247.981 0.05997635540441129
epochs :126 3435.781 3154.3396 3323.174 8979.046 7228.2007 7999.8394 0.05982484576620483
epochs :127 3580.0146 3171.8018 3342.7375 8819.101 7422.8213 8130.4326 0.059672394141715115
epochs :128 3469.101 3179.0593 3326.4827 8942.615 7549.6 8183.3867 0.059519006315765136
epochs :129 3520.7644 3212.3308 3313.4644 8888.129 6976.4443 7965.2397 0.05936468810870239
epochs :130 3594.3218 3167.5178 3336.3318 9546.413 7121.061 8208.74 0.0592094453761779
epochs :131 3516.5571 3152.8557 3336.9478 9124.805 7346.1387 8182.6206 0.059053284008924144
epochs :132 3522.3677 3172.0999 3306.0266 8293.054 7092.46 7630.982 0.058896209932531446
epochs :133 3502.2498 3151.9512 3303.3462 8825.998 6983.686 7794.134 0.05873822910722314
epochs :134 3430.8489 3045.121 3265.2026 8333.089 6738.0933 7459.1875 0.05857934752762946
epochs :135 3445.0508 2922.6265 3237.7896 8068.134 6359.901 7303.6187 0.058419571222559995
epochs :136 3567.9954 3127.9324 3272.8596 8524.316 6731.4834 7537.3784 0.058258906254774985
epochs :137 3687.4568 3206.9434 3420.357 11068.569 6931.4165 8688.394 0.05809735872075525
epochs :138 3507.999 3083.1519 3256.745 8577.501 6607.2383 7430.923 0.05793493475047084
epochs :139 3383.8215 3033.9082 3212.524 8618.105 5976.0503 7281.6475 0.057771640507148427
epochs :140 3350.3904 3078.121 3194.3865 7641.929 6244.2246 6875.0635 0.05760748218703751
epochs :141 3324.4827 3000.5598 3167.5078 7422.3223 6070.4746 6724.314 0.057442466019175194
epochs :142 3297.9167 2990.565 3157.363 7514.6396 6197.2993 6715.3 0.0572765982651499
epochs :143 3275.5542 3005.098 3137.3706 7588.785 5822.992 6571.425 0.05710988521886374
epochs :144 3300.7878 3028.878 3130.365 7337.9185 5996.3887 6535.0977 0.05694233320629368
epochs :145 3282.2744 2973.867 3100.7507 6825.4727 5483.5815 6226.437 0.056773948585251546
epochs :146 3454.1018 2955.0354 3094.9722 7103.8145 5656.1245 6214.698 0.05660473774514271
epochs :147 3281.89 2963.3203 3118.5752 7132.476 5801.8438 6344.173 0.05643470710672371
epochs :148 3298.5762 2977.6035 3116.964 7313.0513 5615.3633 6447.3022 0.056263863121858555
epochs :149 3200.2078 2980.1233 3086.2734 6962.3213 5572.5083 6244.308 0.05609221227327394
epochs :150 3348.1917 2966.6582 3108.5369 7729.764 5573.4814 6562.274 0.05591976107431324
epochs :151 3261.6296 2829.819 3098.2817 8502.67 5452.6235 6630.4155 0.055746516068689383
epochs :152 3212.056 2932.5898 3065.2578 6768.21 5018.0083 5930.2983 0.05557248383023651
epochs :153 3276.7441 2915.8235 3093.003 6700.4463 5223.242 5984.529 0.055397670962660586
epochs :154 3199.2031 2901.0867 3029.3198 6408.757 5186.6646 5730.056 0.05522208409928875
epochs :155 3182.3442 2895.0056 3024.667 6320.089 5189.8 5733.611 0.055045729902817635
epochs :156 3125.2969 2905.63 3026.0737 6637.3154 5367.5234 5839.493 0.05486861506506061
epochs :157 3195.3875 2910.8381 3047.4744 7785.9897 5249.803 6073.817 0.05469074630669377
epochs :158 3144.0186 2887.122 2998.879 6358.711 4828.48 5541.9653 0.05451213037700095
epochs :159 3138.8447 2837.8406 2975.358 6084.983 5042.4727 5424.361 0.05433277405361766
epochs :160 3074.0215 2848.572 2973.0715 6295.9985 4798.494 5349.644 0.05415268414227385
epochs :161 3168.726 2880.2278 2989.413 5889.337 4621.0693 5387.896 0.05397186747653569
epochs :162 3155.565 2808.2485 3009.274 6428.961 4804.8438 5489.963 0.053790330917546265
epochs :163 3197.8708 2910.2122 3033.08 6713.8867 5186.5728 5873.395 0.05360808135376524
epochs :164 3185.1426 2858.4565 3026.2488 6632.951 4817.2314 5833.314 0.05342512570070743
epochs :165 3120.2969 2815.542 2945.0234 5540.277 4575.105 5142.616 0.053241470900680446
epochs :166 3224.1248 2837.0007 2951.6458 5696.2256 4717.017 5142.6636 0.05305712392252126
epochs :167 3212.4219 2638.673 2975.0103 6483.635 4523.2207 5357.637 0.052872091761331716
epochs :168 3108.1382 2708.6982 2944.0532 5791.425 4407.4595 5108.467 0.05268638143821316
epochs :169 3376.731 2832.673 3065.5645 7133.5996 4676.7197 5743.2886 0.05249999999999998
epochs :170 3101.036 2767.6587 2962.6416 5714.3574 4501.4966 4921.5483 0.05231295451899224
epochs :171 3071.289 2764.4568 2913.4724 5342.662 4374.059 4794.54 0.052125252092687306
epochs :172 3095.9392 2779.2107 2909.7297 6021.664 4294.4307 4949.692 0.051936899843510534
epochs :173 2986.9087 2732.1382 2869.0505 5074.5938 4018.5208 4499.728 0.051747904918545
epochs :174 3001.1797 2771.9578 2872.573 5776.613 4021.7761 4530.1494 0.05155827448926033
epochs :175 3060.7961 2772.926 2907.4512 5501.5547 4193.211 4822.152 0.05136801575124052
epochs :176 2953.237 2784.053 2872.0662 5156.5454 4212.5254 4624.4595 0.05117713592391094
epochs :177 3012.4563 2732.8577 2849.8308 5302.275 3980.7856 4467.8716 0.0509856422502644
epochs :178 2980.9116 2793.7075 2890.0098 5271.8535 4140.0723 4832.37 0.050793541996586276
epochs :179 3023.2517 2736.2976 2851.9924 5288.2173 3980.564 4462.8267 0.05060084245217882
epochs :180 2969.4473 2723.1887 2849.862 5110.829 3833.6714 4526.172 0.05040755092908454
epochs :181 2980.3115 2723.7407 2844.203 5212.1196 3864.5842 4427.5166 0.05021367476180876
epochs :182 3000.0364 2720.71 2866.1726 5358.8364 4020.5232 4693.567 0.05001922130704129
epochs :183 2999.8486 2712.7644 2840.646 4995.42 3712.7676 4364.5063 0.04982419794337733
epochs :184 3031.0488 2742.1814 2877.4597 5281.805 3988.6743 4556.2764 0.049628612071037394
epochs :185 3063.2476 2567.027 2896.1868 7355.926 2782.3945 5188.058 0.0494324711115866
epochs :186 3613.2961 2913.9282 3171.2231 10781.116 5085.311 7372.8574 0.04923578250765298
epochs :187 2951.0415 2756.8645 2860.6997 5066.081 4028.734 4536.651 0.04903855372264513
epochs :188 3064.4937 2652.5999 2826.9517 4874.7285 3911.2332 4320.3564 0.048840792240468965
epochs :189 2998.791 2726.436 2840.7786 5385.476 3898.4397 4577.8394 0.04864250556524376
epochs :190 2946.8044 2698.9749 2810.195 5132.2993 3750.5618 4309.7466 0.04844370122101739
epochs :191 2912.8108 2672.0898 2788.3955 4670.8633 3538.6023 4092.4194 0.04824438675148084
epochs :192 2929.5728 2666.959 2782.8975 4355.9385 3400.9258 3948.6616 0.048044569719681976
epochs :193 2979.2683 2694.0747 2787.392 4657.5117 3377.037 4044.8481 0.04784425770773851
epochs :194 2959.893 2706.2085 2818.9785 4714.216 3739.5076 4216.4 0.04764345831655035
epochs :195 2930.3762 2710.359 2790.1943 4772.408 3662.7126 4066.1975 0.04744217916551112
epochs :196 2912.3774 2636.118 2763.8848 4529.379 3344.9866 3810.506 0.047240427892219126
epochs :197 2956.2651 2664.812 2779.827 4335.1724 3388.5808 3912.8062 0.04703821215218747
epochs :198 2870.1353 2632.7478 2758.539 4641.679 3340.4453 3790.3362 0.046835539618553586
epochs :199 2915.3418 2647.7869 2782.271 4762.903 3410.6238 3897.2505 0.04663241798178807
epochs :200 2915.0642 2653.4602 2776.3801 4571.3257 3409.54 3971.278 0.046428854949402895
epochs :201 2915.6013 2556.596 2759.2512 4537.259 3254.5955 3875.2944 0.04622485824565892
epochs :202 2914.8135 2539.4487 2774.3098 4681.2656 2741.1877 3933.5105 0.04602043561127277
epochs :203 2987.6375 2642.7898 2760.9238 4636.9336 3316.7424 3840.8013 0.045815594803123146
epochs :204 3055.6577 2566.465 2850.1235 5967.2754 3446.6223 4384.314 0.04561034359395651
epochs :205 2902.668 2616.1355 2735.085 4137.318 3339.2764 3672.952 0.04540468977209208
epochs :206 2859.2034 2615.9412 2719.914 4033.5686 3169.6318 3571.894 0.04519864114112635
epochs :207 2892.305 2578.2996 2701.0334 3703.7834 3035.3088 3431.2957 0.04499220551963696
epochs :208 2859.2695 2571.1582 2706.824 4057.6348 3093.0645 3484.391 0.044785390740886014
epochs :209 2811.4834 2586.091 2699.9478 3836.0698 3146.8887 3483.8342 0.044578204652522886
epochs :210 2842.7747 2601.3616 2724.3477 4484.034 3194.1213 3633.4302 0.04437065511628636
epochs :211 2842.9143 2592.313 2715.5427 4014.9402 3155.1455 3615.3052 0.0441627500077064
epochs :212 2806.188 2598.4973 2702.0654 4217.1353 3018.5867 3475.7673 0.04395449721580523
epochs :213 2937.5771 2588.7986 2691.5413 3842.8394 2976.591 3415.186 0.04374590464279806
epochs :214 2807.6829 2582.6216 2681.0742 4387.818 2891.4382 3405.0354 0.04353698020379319
epochs :215 2824.5986 2552.4548 2693.8374 4162.891 2922.1572 3400.59 0.04332773182649164
epochs :216 2802.382 2559.9607 2667.3325 3734.5486 2728.7686 3219.058 0.04311816745088642
epochs :217 2747.9587 2578.778 2667.7014 3983.0032 2754.5547 3239.841 0.04290829502896115
epochs :218 2820.0007 2566.1714 2675.9878 4063.3313 2905.8127 3226.5435 0.04269812252438838
epochs :219 2781.787 2545.7834 2678.8547 3966.4802 2842.0254 3265.1267 0.04248765791222739
epochs :220 2899.4744 2615.1172 2720.2197 4226.416 2635.7515 3593.0383 0.04227690917862155
epochs :221 2886.534 2588.455 2688.074 3814.8096 2614.4438 3318.7737 0.042065884320495336
epochs :222 2835.6472 2334.1516 2667.9324 4880.826 2845.9287 3366.7424 0.041854591345250824
epochs :223 3036.7156 2603.7166 2822.9524 6269.383 3226.925 4525.9463 0.04164303827046388
epochs :224 2793.6106 2555.7463 2666.4387 3779.2043 2824.071 3264.7744 0.04143123312357994
epochs :225 2784.6006 2529.361 2650.1597 3772.4917 2708.9375 3111.2693 0.04121918394160939
epochs :226 2745.354 2512.334 2634.4421 3559.324 2753.0984 2980.7458 0.04100689877082257
epochs :227 2742.1382 2485.8335 2629.6213 3511.042 2600.7952 2998.901 0.040794385666444534
epochs :228 2741.0737 2496.6165 2616.3174 3128.87 2548.3325 2769.4749 0.040581652692349326
epochs :229 2806.5461 2511.7878 2631.917 4169.37 2648.5088 3028.445 0.040368707920753984
epochs :230 2790.9553 2558.3916 2656.327 3873.7874 2572.5752 3012.099 0.040155559431912305
epochs :231 2715.5276 2517.3708 2615.071 3094.3167 2475.952 2792.709 0.039942215313808184
epochs :232 2761.8015 2469.2883 2613.8965 3441.1672 2528.2961 2866.4775 0.039728683661848736
epochs :233 2797.7122 2520.132 2619.0698 3275.8699 2555.4958 2880.3877 0.0395149725785571
epochs :234 2714.836 2428.857 2613.882 3316.8508 2502.5088 2791.2607 0.03930109017326498
epochs :235 2699.0002 2508.6692 2598.9824 3191.8394 2451.473 2707.8406 0.039087044561804965
epochs :236 2728.449 2509.7478 2622.3254 3322.8337 2365.1392 2850.824 0.038872843866202524
epochs :237 2743.2065 2451.4204 2610.7925 3287.0654 2414.3115 2822.8137 0.03865849621436787
epochs :238 2687.5588 2476.9824 2593.416 3104.2266 2261.4856 2697.08 0.038444009739787496
epochs :239 2735.333 2525.9268 2618.0645 3309.0325 2276.0647 2876.2065 0.03822939258121557
epochs :240 2788.3723 2515.5312 2631.5835 3927.9753 2279.7334 2925.9294 0.03801465288236511
epochs :241 2730.518 2473.562 2577.2664 3135.0386 2241.9934 2584.9824 0.03779979879159895
epochs :242 2757.0906 2023.6963 2602.8538 3430.3987 2360.1414 2880.214 0.037584838461620584
epochs :243 3106.4197 2582.1765 2741.123 4607.919 2747.4177 3410.0608 0.03736978004916476
epochs :244 2777.9485 2480.4243 2601.5598 3416.006 2515.8057 2847.982 0.037154631714688004
epochs :245 2656.9446 2457.8723 2590.1633 2927.4558 2306.9656 2651.515 0.03693940162205895
epochs :246 2672.2756 2482.2388 2566.5044 2950.724 2198.3552 2555.839 0.036724097938248594
epochs :247 2694.561 2473.6384 2570.525 2967.354 2264.1724 2631.745 0.03650872883302036
epochs :248 2716.293 2468.6152 2568.266 3288.4744 2069.0212 2617.4993 0.03629330247862008
epochs :249 2627.349 2487.231 2547.9622 2955.6514 2095.0798 2417.4302 0.03607782704946597
epochs :250 2651.2646 2423.722 2542.5552 2680.6318 2138.3835 2324.451 0.035862310721838375
epochs :251 2715.4646 2422.2466 2533.609 2522.748 2020.1276 2299.314 0.03564676167356955
epochs :252 2633.801 2451.2935 2537.7727 2977.4124 2090.4746 2400.4307 0.03543118808373335
epochs :253 2625.9827 2450.5117 2555.0925 2629.2747 2069.8677 2330.3765 0.03521559813233486
epochs :254 2686.519 2420.6658 2546.4387 3026.565 2122.2407 2358.8435 0.035
epochs :255 2657.2437 2407.2634 2525.1177 2607.983 2046.8419 2278.3652 0.034784401867665155
epochs :256 2721.6714 2426.2734 2545.1597 3038.341 2143.587 2502.6243 0.034568811916266665
epochs :257 2678.7454 2444.5034 2541.249 3012.3662 1985.0381 2366.5286 0.03435323832643047
epochs :258 2643.077 2434.355 2530.091 2760.3418 2162.7927 2410.5605 0.034137689278161645
epochs :259 2635.5918 2435.0583 2540.1694 2800.66 2098.5872 2365.834 0.033922172950534055
epochs :260 2679.057 2425.7024 2561.1152 3047.9329 2270.009 2599.925 0.03370669752137994
epochs :261 2798.4668 2430.248 2574.921 2950.5977 1728.0798 2412.9937 0.03349127116697966
epochs :262 2630.797 2430.062 2542.8193 2671.0447 2176.6475 2404.6033 0.03327590206175142
epochs :263 2662.2495 2431.3193 2554.3638 3107.3306 2201.8896 2530.3513 0.03306059837794106
epochs :264 2774.983 2489.0588 2630.6733 3633.3708 2589.1384 3084.862 0.03284536828531201
epochs :265 2635.1829 2469.9216 2537.6038 2856.8184 2060.5386 2434.0154 0.032630219950835246
epochs :266 2649.6467 2419.629 2529.6814 2596.8406 2116.926 2334.994 0.032415161538379415
epochs :267 2575.7056 2399.0962 2501.076 2487.344 1862.8114 2126.598 0.03220020120840105
epochs :268 2599.5725 2376.058 2488.973 2399.219 1877.3782 2103.7156 0.0319853471176349
epochs :269 2582.3506 2370.6538 2485.7979 2333.8684 1753.7886 2071.2869 0.03177060741878444
epochs :270 2609.9065 2396.0942 2497.5974 2577.977 1896.6412 2217.2612 0.03155599026021251
epochs :271 2580.5032 2384.3918 2488.4058 2448.5002 1905.2036 2089.713 0.03134150378563213
epochs :272 2578.096 2355.335 2476.9504 2290.1548 1745.6184 2000.3772 0.031127156133797473
epochs :273 2579.6907 2380.5188 2494.012 2339.5798 1823.1864 2053.4167 0.03091295543819503
epochs :274 2594.0386 2383.406 2482.8335 2290.03 1887.6385 2047.3987 0.030698909826735007
epochs :275 2608.6729 2379.8245 2479.7458 2261.1855 1870.251 2033.167 0.03048502742144289
epochs :276 2601.1956 2398.457 2497.2292 2656.2212 1898.605 2243.4624 0.03027131633815125
epochs :277 2629.0115 2378.5112 2487.016 2425.3523 1731.7456 2117.0452 0.030057784686191805
epochs :278 2604.9185 2238.0457 2496.9548 2575.9705 1889.6396 2197.87 0.029844440568087695
epochs :279 2592.7756 2345.783 2491.5938 2358.4714 1799.9131 2091.3171 0.02963129207924602
epochs :280 2555.6616 2421.0212 2499.7458 2653.683 1879.2985 2264.2146 0.029418347307650684
epochs :281 2605.8936 2412.4978 2488.534 2320.8435 1842.848 2069.2512 0.029205614333555462
epochs :282 2637.5063 2369.217 2467.636 2189.4563 1727.9702 1930.0765 0.028993101229177417
epochs :283 2567.2776 2349.2217 2464.6963 2247.2568 1679.0013 1954.0391 0.028780816058390606
epochs :284 2585.5342 2341.8352 2476.1882 2454.141 1760.0945 2120.5742 0.028568766876420043
epochs :285 3348.433 2383.3179 2520.7043 2810.7283 1895.4567 2287.4097 0.028356961729536105
epochs :286 2828.3591 1955.0997 2596.2056 4886.2812 1723.5115 3031.5269 0.028145408654749165
epochs :287 2896.694 2397.2832 2588.037 3143.7856 1849.8701 2388.4983 0.02793411567950465
epochs :288 2589.9453 2342.0332 2446.7524 2117.2573 1598.9932 1859.7808 0.02772309082137843
epochs :289 2557.3445 2340.3286 2434.542 2018.5286 1648.8458 1843.3722 0.0275123420877726
epochs :290 2544.2686 2367.5857 2446.1143 2434.899 1718.1934 1917.0419 0.027301877475611608
epochs :291 2518.0933 2350.253 2435.3381 2232.3162 1649.5695 1877.0986 0.02709170497103884
epochs :292 2516.428 2321.8916 2428.4233 2092.8728 1655.1538 1876.1544 0.02688183254911357
epochs :293 2507.7695 2309.08 2413.1929 2383.895 1612.1134 1894.5851 0.026672268173508346
epochs :294 2539.7046 2347.4575 2425.966 2375.0298 1886.9388 2084.603 0.026463019796206803
epochs :295 2515.9753 2320.965 2393.1216 2373.2905 1661.3904 1902.7986 0.026254095357201922
epochs :296 2455.1467 2257.4805 2367.7717 2016.8976 1645.3657 1798.7604 0.02604550278419476
epochs :297 2462.0532 2268.3157 2365.8176 2265.7634 1541.4752 1857.9385 0.025837249992293594
epochs :298 2436.222 2242.1763 2343.1462 2095.2246 1558.6255 1772.204 0.02562934488371363
epochs :299 2465.542 2223.1118 2339.7996 2006.5181 1597.9164 1780.9789 0.025421795347477107
epochs :300 2448.9856 2211.9412 2343.1992 2219.6382 1610.6205 1909.5725 0.02521460925911397
epochs :301 2455.1572 2226.612 2332.4248 2561.3958 1685.0242 1925.5283 0.025007794480363037
epochs :302 2493.8647 2208.8926 2329.0818 2556.4236 1622.991 1942.168 0.024801358858873645
epochs :303 2384.9807 2179.7412 2305.111 2192.7075 1499.7615 1774.5824 0.024595310227907913
epochs :304 2398.2373 2197.3816 2292.8687 1907.2625 1509.8213 1730.0358 0.024389656406043476
epochs :305 2378.1372 2117.2756 2274.4238 1813.7347 1449.9161 1663.9182 0.02418440519687684
epochs :306 2449.1934 2185.3335 2275.413 1844.7711 1453.5221 1682.1166 0.023979564388727226
epochs :307 2389.04 2195.5757 2293.9062 2207.5662 1562.493 1828.7882 0.023775141754341075
epochs :308 2411.4707 2204.5222 2307.53 2634.7324 1528.0801 1892.2148 0.02357114505059709
epochs :309 2367.15 2183.0452 2264.1616 2064.8918 1458.974 1707.5441 0.02336758201821192
epochs :310 2383.455 220.51813 2235.3186 2329.6306 1624.3889 1919.7147 0.023164460381446407
epochs :311 3549.9731 2381.7231 2792.0852 7412.855 2594.5876 4285.1743 0.022961787847812522
epochs :312 2502.7656 2241.5554 2359.1907 2580.1826 1892.5884 2214.4211 0.022759572107780866
epochs :313 2361.182 2210.628 2275.9285 2132.783 1673.579 1876.0598 0.022557820834488877
epochs :314 2339.5012 2162.091 2244.506 1941.3284 1572.3074 1759.7797 0.022356541683449648
epochs :315 2318.924 2142.6694 2228.724 1886.9839 1545.7341 1710.8132 0.022155742292261478
epochs :316 2305.7693 2125.1482 2204.2456 1815.4022 1516.3535 1633.4484 0.02195543028031801
epochs :317 2280.3953 2111.7532 2198.9429 1919.1548 1450.134 1633.421 0.021755613248519143
epochs :318 2299.0386 2089.6487 2191.7925 1780.9502 1458.8855 1611.2925 0.0215562987789826
epochs :319 2285.2898 2090.5364 2181.0881 1785.1368 1450.7667 1592.7034 0.021357494434756225
epochs :320 2282.2656 2078.815 2181.831 1902.029 1439.6099 1661.6647 0.021159207759531014
epochs :321 2309.0974 2091.3823 2169.797 1865.7598 1397.5344 1586.8835 0.020961446277354846
epochs :322 2291.7783 2062.5146 2152.2407 1807.1262 1379.181 1555.1464 0.020764217492346998
epochs :323 2248.3762 2088.298 2157.0203 1819.3367 1457.1323 1619.2709 0.020567528888413383
epochs :324 2205.4165 2087.89 2150.7085 1705.7595 1419.7311 1528.9402 0.020371387928962578
epochs :325 2306.0176 2046.6893 2139.9324 1849.0583 1318.6699 1543.3654 0.020175802056622647
epochs :326 2226.9448 2040.759 2128.2678 1742.928 1349.9816 1510.6782 0.019980778692958688
epochs :327 2227.3037 2043.7432 2130.3108 1919.5571 1367.484 1545.6699 0.01978632523819124
epochs :328 2227.7373 2054.1477 2137.965 1931.5726 1416.8873 1637.902 0.019592449070915445
epochs :329 2222.195 1991.1364 2113.4436 1746.88 1376.1721 1525.0076 0.019399157547821178
epochs :330 2212.4438 2009.8644 2102.3513 1724.1226 1320.1969 1471.0396 0.019206458003413703
epochs :331 2196.7751 2015.0785 2098.8777 1687.057 1369.8331 1535.0125 0.019014357749735582
epochs :332 2209.115 2014.6823 2114.4976 1949.2955 1375.4475 1633.7836 0.018822864076089043
epochs :333 2174.479 2034.5143 2096.6548 1773.0028 1348.9592 1529.4501 0.018631984248759465
epochs :334 2267.7075 1886.493 2129.9868 2703.7415 1269.9059 1893.1455 0.01844172551073965
epochs :335 2250.5283 1819.1871 2129.1836 2543.4597 1223.2732 1804.749 0.018252095081454974
epochs :336 2398.4026 2020.0388 2161.0476 2655.5217 1377.8977 1872.9702 0.01806310015648945
epochs :337 2149.983 1993.1497 2071.805 1609.2297 1267.1476 1453.3438 0.01787474790731268
epochs :338 2155.443 1935.1366 2051.991 1579.4623 1302.2704 1416.2639 0.017687045481007753
epochs :339 2109.3916 1917.2521 2042.6031 1609.9506 1276.9086 1391.5648 0.017500000000000012
epochs :340 2129.0317 1934.3678 2029.3044 1462.1681 1237.921 1356.6791 0.017313618561786828
epochs :341 2109.8528 1950.623 2024.3032 1489.1937 1194.3177 1355.443 0.017127908238668266
epochs :342 2078.1003 1940.8723 2022.4977 1532.6267 1237.8744 1358.544 0.016942876077478713
epochs :343 2060.6184 1938.2418 2014.2103 1496.2322 1186.0367 1357.7926 0.016758529099319536
epochs :344 2073.2158 1937.9714 2005.778 1575.4084 1190.3132 1369.8408 0.016574874299292545
epochs :345 2069.0398 1934.2036 2004.8922 1559.8845 1285.4055 1426.4283 0.01639191864623475
epochs :346 2189.1572 1898.23 2020.9163 1529.5867 1243.4694 1390.1757 0.0162096690824537
epochs :347 2065.6309 1886.3726 1981.3928 1517.4202 1207.0947 1344.0476 0.01602813252346429
epochs :348 2067.694 1897.0906 1985.909 1521.6782 1210.9227 1365.3882 0.015847315857726113
epochs :349 2057.4128 1885.4463 1947.5002 1542.3434 1248.7932 1369.239 0.015667225946382313
epochs :350 2018.6746 1879.7905 1942.7588 1466.2605 1239.1769 1368.8163 0.01548786962299901
epochs :351 2035.6628 1867.9396 1931.9171 1544.5173 1258.6991 1364.9994 0.01530925369330621
epochs :352 1995.0839 1852.2565 1926.1122 1539.4269 1200.5836 1363.6656 0.01513138493493935
epochs :353 1991.0591 1842.8795 1906.5315 1567.8397 1154.1687 1306.7592 0.01495427009718232
epochs :354 1966.9769 1837.0223 1903.4066 1424.0769 1005.5632 1309.1344 0.014777915900711213
epochs :355 1988.5387 1842.7369 1906.8745 1406.6229 1148.1705 1295.1539 0.014602329037339372
epochs :356 1949.3403 1809.4789 1886.9651 1422.0695 1160.3594 1306.9197 0.014427516169763448
epochs :357 1972.3021 1801.6329 1882.5295 1556.0487 1177.8925 1308.2317 0.014253483931310585
epochs :358 1984.403 1765.3796 1864.6735 1436.6603 1128.9066 1290.0465 0.014080238925686727
epochs :359 1928.8464 1698.946 1861.67 1436.4777 1146.4781 1307.7687 0.013907787726726033
epochs :360 1954.6567 1675.5852 1845.2797 1857.4402 1199.6436 1330.5215 0.013736136878141417
epochs :361 1904.8043 1802.0144 1850.769 1613.742 1113.6033 1331.7374 0.01356529289327626
epochs :362 1999.6124 1769.7435 1876.2355 1696.8278 1138.5916 1399.2479 0.013395262254857243
epochs :363 2008.404 1818.5145 1917.5836 1865.6342 1302.2704 1596.821 0.01322605141474842
epochs :364 1884.7778 1760.0574 1826.3097 1915.3525 1141.3657 1342.1049 0.01305766679370627
epochs :365 1954.5232 1770.0328 1835.1971 1825.5043 1246.6448 1435.378 0.01289011478113623
epochs :366 1857.6918 1717.7883 1797.4384 1521.9539 1169.2996 1268.8934 0.012723401734850053
epochs :367 1844.9006 1719.7936 1786.4442 1394.9818 1108.3792 1234.2812 0.012557533980824771
epochs :368 1840.4895 1700.5472 1769.7361 1331.5449 1087.7299 1219.6262 0.012392517812962444
epochs :369 1811.8324 1705.149 1760.13 1345.7839 1079.0717 1204.6136 0.012228359492851542
epochs :370 1829.1078 1669.8364 1755.1423 1384.3383 1091.5841 1208.283 0.012065065249529126
epochs :371 1823.3392 1667.4259 1764.466 1483.4854 1131.4825 1267.9884 0.011902641279244721
epochs :372 1820.9346 1657.9316 1748.6366 1433.564 1081.1243 1237.0514 0.011741093745224971
epochs :373 1812.3019 1677.0715 1736.6016 1350.9388 1074.1368 1210.2561 0.011580428777439967
epochs :374 1837.8927 1678.3694 1726.8474 1303.4889 1044.2178 1202.8441 0.011420652472370504
epochs :375 1795.492 1658.476 1713.1952 1322.8483 1120.7538 1207.8629 0.011261770892776815
epochs :376 1774.8328 1644.4911 1706.4447 1464.0999 1080.4138 1209.7467 0.011103790067468514
epochs :377 1756.3414 1642.4138 1689.4597 1345.256 1086.8334 1206.9226 0.010946715991075811
epochs :378 1750.5879 1593.4435 1682.4097 1448.0697 1088.4015 1236.7808 0.010790554623822054
epochs :379 1784.1348 1615.75 1668.7255 1453.4882 1147.9493 1243.9838 0.010635311891297575
epochs :380 1685.657 1571.7433 1634.1625 1431.2714 1064.661 1241.0918 0.01048099368423482
epochs :381 1733.0835 1553.594 1636.1522 1327.6544 1110.664 1211.0984 0.010327605858284856
epochs :382 1663.164 1523.8601 1591.7697 1346.8215 1085.627 1213.0704 0.010175154233795135
epochs :383 1653.429 1504.7955 1569.6221 1445.5336 1138.9529 1239.7076 0.010023644595588676
epochs :384 1655.7084 1473.9149 1566.3969 1360.3306 1125.2738 1216.1587 0.009873082692744528
epochs :385 1590.8267 1484.979 1537.0139 1343.1848 996.8866 1195.9739 0.009723474238379682
epochs :386 1600.3143 1455.9397 1528.3234 1294.2986 1029.6155 1179.4584 0.009574824909432152
epochs :387 1579.2635 1443.3544 1509.9801 1303.0347 1028.0076 1178.0574 0.009427140346445746
epochs :388 1677.1234 1445.4347 1505.9152 1350.673 983.1846 1171.3759 0.009280426153355847
epochs :389 1643.5299 1430.9716 1515.8198 1431.271 1017.5503 1204.6052 0.009134687897276937
epochs :390 1650.6559 1441.0358 1538.4979 2312.448 1128.7474 1491.9589 0.0089899311082912
epochs :391 1567.0658 1312.2385 1481.675 1754.0073 1085.9078 1261.967 0.008846161279238825
epochs :392 2259.601 1568.381 1842.4822 3033.1414 1444.2915 2117.8408 0.00870338386550944
epochs :393 1561.6549 1439.8585 1492.1095 1640.5515 1145.7852 1283.7936 0.008561604284835227
epochs :394 1500.3379 1400.5804 1435.8613 1282.078 1048.2313 1165.0267 0.008420827917085259
epochs :395 1454.1633 1383.5938 1410.9912 1262.4882 1019.9162 1140.7684 0.008281060104061395
epochs :396 1423.4463 1358.8501 1394.2823 1241.4921 1024.0338 1129.2191 0.008142306149295616
epochs :397 1440.5465 1326.3785 1381.7312 1304.5303 1020.9129 1128.7532 0.008004571317848675
epochs :398 1411.6534 1318.743 1372.9302 1227.881 996.389 1121.3121 0.007867860836110466
epochs :399 1404.8137 1300.1451 1354.5481 1196.1118 1038.6721 1119.94 0.007732179891601534
epochs :400 1388.6351 1305.2657 1345.7433 1247.7987 1002.5646 1131.5121 0.007597533632776411
epochs :401 1398.073 1298.1428 1331.6523 1279.0183 1018.4919 1119.433 0.007463927168828088
epochs :402 1370.3035 1274.8635 1318.9115 1227.9746 995.8178 1109.0303 0.007331365569494295
epochs :403 1360.3807 1256.9619 1299.3889 1230.0406 1019.4431 1112.5834 0.00719985386486499
epochs :404 1319.6473 1259.8575 1285.2131 1228.0208 1021.5784 1112.3754 0.00706939704519163
epochs :405 1379.2631 1236.8866 1285.2632 1240.6552 992.3429 1106.4465 0.006940000060697669
epochs :406 1301.1532 1221.984 1253.2904 1205.5693 969.2376 1101.5161 0.006811667821390859
epochs :407 1296.7462 1212.889 1250.6307 1222.8556 968.88275 1094.5809 0.006684405196876844
epochs :408 1272.9963 1177.5983 1233.2657 1277.1898 992.31396 1096.2019 0.006558217016174407
epochs :409 1311.6522 1166.291 1227.1763 1193.4652 1002.09906 1088.6075 0.0064331080675322444
epochs :410 1319.6888 1181.3407 1241.1929 1233.2168 1011.58026 1103.3455 0.006309083098247265
epochs :411 1236.4622 1156.8759 1196.5474 1212.1401 987.4087 1095.4037 0.006186146814484452
epochs :412 1230.4124 1147.063 1183.7268 1230.3549 981.3399 1098.4596 0.006064303881098282
epochs :413 1217.6388 1128.138 1171.1006 1191.8563 958.5717 1090.6284 0.005943558921455734
epochs :414 1196.7615 1120.8947 1153.8279 1250.9604 999.956 1083.9427 0.005823916517260821
epochs :415 1205.3871 1101.1141 1155.9313 1234.0542 933.2255 1093.8296 0.0057053812083807725
epochs :416 1192.5587 1090.463 1138.5713 1186.208 921.83673 1087.7903 0.005587957492673759
epochs :417 1212.7672 1084.8944 1131.1307 1193.3278 964.02563 1089.7427 0.005471649825818175
epochs :418 1157.2981 1055.9515 1125.505 1190.2805 1001.29474 1099.3088 0.005356462621143655
epochs :419 1166.4321 1065.8717 1111.709 1277.1761 892.10004 1074.2012 0.005242400249463502
epochs :420 1229.9812 1073.964 1103.6052 1503.8597 965.3153 1096.3033 0.005129467038908947
epochs :421 1134.1228 894.4672 1085.9636 1223.4686 909.4414 1077.2825 0.0050176672747648
epochs :422 1171.8932 1054.5146 1110.251 1224.9541 1006.8449 1101.5015 0.004907005199306971
epochs :423 1125.6476 1041.3704 1070.8364 1197.5835 980.5851 1071.7076 0.00479748501164136
epochs :424 1094.3357 1012.66394 1047.701 1165.7814 971.03314 1059.649 0.004689110867544652
epochs :425 1072.37 1009.6085 1039.1284 1136.5087 951.3615 1058.6646 0.004581886879306507
epochs :426 1063.6754 1001.7262 1032.176 1211.9941 935.1162 1059.7413 0.00447581711557362
epochs :427 1063.6803 993.1762 1023.7041 1238.9614 966.98206 1053.3773 0.004370905601195256
epochs :428 1063.7249 977.43036 1013.60297 1152.9651 968.1504 1063.0491 0.004267156317070572
epochs :429 1037.5427 968.0317 998.9974 1141.5994 982.5348 1054.2838 0.004164573199997542
epochs :430 1020.8816 973.39 994.7094 1210.1501 926.2496 1053.5575 0.00406316014252358
epochs :431 1021.8519 952.4864 986.10144 1160.679 967.2708 1053.7446 0.0039629209927978335
epochs :432 1012.998 941.4923 975.91797 1153.8884 929.4667 1049.7521 0.0038638595544251654
epochs :433 999.8921 944.7633 971.7644 1186.047 987.2322 1044.6206 0.0037659795863218266
epochs :434 988.0407 940.64026 957.575 1108.5193 967.60834 1044.1062 0.0036692848025728212
epochs :435 987.6966 926.74963 956.1646 1166.7806 952.9547 1044.3973 0.003573778872290968
epochs :436 980.623 914.5637 948.7235 1161.7377 957.4367 1045.1102 0.003479465419477693
epochs :437 971.2 916.3108 940.44226 1161.1494 941.4136 1046.4719 0.0033863480228854856
epochs :438 975.0877 902.50507 933.96045 1157.6814 961.6034 1046.2803 0.0032944302158821543
epochs :439 960.6805 888.58624 928.7922 1145.3541 969.24304 1041.9756 0.003203715486316668
epochs :440 961.81165 896.9323 922.4345 1166.896 960.55145 1039.9993 0.0031142072763869115
epochs :441 946.92993 888.2341 915.99524 1126.7891 944.8734 1038.602 0.003025908982508965
epochs :442 952.5248 875.60345 909.4156 1125.4115 930.80634 1039.2672 0.0029388239551883305
epochs :443 938.1912 871.0098 903.56036 1123.5045 940.7535 1036.5161 0.0028529554988926936
epochs :444 936.3648 879.4729 899.5906 1251.7373 908.913 1038.1748 0.0027683068719266284
epochs :445 961.91833 863.1301 897.5418 1145.1897 950.461 1035.7948 0.00268488128630787
epochs :446 925.2733 858.898 893.7332 1128.8169 929.30566 1033.5244 0.0026026819076455324
epochs :447 929.7908 850.182 887.09564 1182.0134 890.08685 1031.9308 0.002521711855019885
epochs :448 929.504 845.6513 882.3216 1136.5048 928.24976 1028.2269 0.0024419742008640875
epochs :449 900.99 839.8229 877.65564 1124.634 945.835 1029.2891 0.0023634719708475467
epochs :450 899.5764 853.12555 874.2652 1158.1511 955.00214 1032.58 0.00228620814376113
epochs :451 907.34 821.1005 868.0434 1123.3857 838.018 1021.8175 0.002210185651404129
epochs :452 896.0184 844.5217 869.091 1153.2526 934.1817 1026.667 0.0021354073784730213
epochs :453 915.7757 840.4088 867.2759 1128.5133 901.88336 1024.5128 0.0020618761624519957
epochs :454 1107.4092 833.0684 874.37836 1214.1896 942.5967 1041.6505 0.001989594793505289
epochs :455 999.6571 854.0019 918.08716 1933.2623 1056.1573 1309.6636 0.0019185660143713182
epochs :456 888.7658 822.48834 862.4841 1165.3279 963.2667 1060.3228 0.0018487925202585918
epochs :457 878.16486 809.0291 851.248 1129.3992 912.6013 1030.9397 0.0017802769587434634
epochs :458 876.3614 808.98175 845.7556 1125.5082 904.91907 1023.3873 0.0017130219296696263
epochs :459 873.53687 818.38904 842.7068 1103.2633 911.08295 1020.0485 0.0016470299850495228
epochs :460 872.4183 816.18396 840.4802 1140.6652 926.06616 1021.05975 0.001582303628967449
epochs :461 866.8718 814.961 837.41644 1101.3848 947.24805 1017.6285 0.0015188453174845744
epochs :462 872.6224 801.11633 834.77856 1091.8752 920.5483 1017.0511 0.001456657458545722
epochs :463 864.2978 793.0043 832.76587 1095.194 921.7155 1016.0062 0.0013957424118880176
epochs :464 851.2157 797.3519 830.29126 1167.317 954.2516 1014.2644 0.0013361024889513337
epochs :465 869.9508 803.69037 828.65765 1093.9541 915.73145 1014.32526 0.0012777399527905923
epochs :466 852.69055 790.96936 826.7415 1107.2728 934.9815 1014.06445 0.0012206570179898843
epochs :467 859.92377 804.3452 824.3019 1119.7676 927.1641 1011.388 0.0011648558505784404
epochs :468 855.87854 805.40656 823.32965 1109.8866 930.7691 1013.89996 0.001110338567948442
epochs :469 852.42993 791.6159 820.5003 1134.6323 927.63934 1011.08014 0.0010571072387746717
epochs :470 856.0801 799.11115 819.32947 1171.1992 931.27795 1012.2057 0.0010051638829360128
epochs :471 852.085 788.4971 817.63666 1138.7357 937.80865 1010.778 0.0009545104714388364
epochs :472 847.5558 785.84357 815.7725 1126.0643 890.6622 1006.7857 0.000905148926342147
epochs :473 844.6028 772.51385 814.0966 1096.3926 909.1986 1010.47626 0.000857081120684719
epochs :474 835.4192 794.01904 813.04486 1129.9935 924.0748 1009.8356 0.0008103088784139761
epochs :475 831.6668 789.5757 811.98596 1089.2778 930.7608 1010.66876 0.0007648339743168048
epochs :476 837.15625 778.2123 810.00464 1093.3059 939.0465 1007.07996 0.000720658133952194
epochs :477 842.00397 777.301 809.4224 1134.7872 915.10626 1006.23505 0.0006777830335857832
epochs :478 839.0141 781.1071 807.2553 1121.14 915.0867 1005.1893 0.0006362103001262098
epochs :479 842.3474 779.8062 807.68567 1151.1323 893.7063 1006.4125 0.0005959415110634414
epochs :480 832.7268 785.44055 805.8942 1233.3748 892.65155 1013.7067 0.0005569781944088452
epochs :481 839.17804 779.1407 805.8007 1125.9946 945.60077 1010.3094 0.0005193218286372713
epochs :482 824.2736 772.90936 803.3781 1112.0691 930.5154 1005.59424 0.00048297384263090986
epochs :483 826.02856 763.0306 802.1647 1116.6635 943.0616 1004.74585 0.00044793561562508514
epochs :484 825.7167 785.1106 802.621 1080.057 913.10675 1005.36536 0.0004142084771559217
epochs :485 831.0365 720.4097 798.8132 1098.8152 929.73895 1002.95764 0.0003817937070098914
epochs :486 837.4043 773.06903 801.12573 1149.5463 913.4884 1009.3382 0.0003506925351752565
epochs :487 814.701 747.6395 798.4667 1127.9172 930.37036 1005.17773 0.00032090614179539
epochs :488 821.64856 761.3517 798.4791 1085.1918 857.6532 999.72705 0.00029243565712400377
epochs :489 898.79095 770.9353 802.6711 1303.4619 932.67786 1014.4642 0.00026528216148224916
