epochs :0 24.559755 2.3178462e-20 0.09258577 791.4502 0.0 14.187177 0.07
epochs :1 1.2691269 7.6235014e-20 0.00031387754 586.67487 0.0 6.210723 0.06999568213685813
epochs :2 1.6989946 2.5037992e-21 0.00039137717 676.2068 0.0 5.1932054 0.06998272961280061
epochs :3 1.5930465 1.3937548e-21 0.00022897424 659.03265 0.0 4.8367095 0.06996114562366897
epochs :4 1.2147692 2.5259986e-21 0.0001423079 668.8763 0.0 4.4905815 0.06993093549498952
epochs :5 0.39184755 1.1256914e-21 5.9412196e-05 701.6988 0.0 5.0478296 0.0698921066806595
epochs :6 0.14737596 4.711383e-20 4.3235894e-05 668.42645 0.0 4.188895 0.06984466876110781
epochs :7 0.36630288 3.2758318e-17 0.00010541299 742.13556 0.0 4.109066 0.06978863344093131
epochs :8 1.2782685 1.8072795e-17 3.9110542e-05 668.6384 0.0 5.506231 0.06972401454600674
epochs :9 1.2958624 3.013123e-16 0.00013445325 609.1042 0.0 3.9674404 0.06965082802007952
epochs :10 4.44014 5.0330555e-16 8.1435945e-05 753.1091 0.0 3.962742 0.06956909192082983
epochs :11 1.3971407 2.7323474e-15 6.977137e-05 602.78357 0.0 4.0861936 0.0694788264154171
epochs :12 4.3835635 1.2549733e-18 0.00010504932 775.8653 0.0 3.5525253 0.06938005377550412
epochs :13 3.4749522 2.5555753e-24 0.0001032845 750.9855 0.0 4.245565 0.06927279837176181
epochs :14 4.0500555 1.6548704e-16 3.9668543e-05 591.92706 0.0 3.9592412 0.06915708666785618
epochs :15 3.6995099 9.666913e-19 6.819492e-05 686.45135 0.0 2.6943903 0.0690329472139187
epochs :16 2.422435 2.549729e-19 3.7554088e-05 610.06384 0.0 2.2876394 0.0689004106395021
epochs :17 1.6406658 3.716619e-19 2.314959e-05 694.1223 0.0 2.4861147 0.06875950964602295
epochs :18 1.5799276 1.22909386e-20 1.5838445e-05 570.6705 0.0 2.0835257 0.06861027899869303
epochs :19 1.544054 3.8455372e-21 1.2957443e-05 571.4927 0.0 1.9422319 0.06845275551794157
epochs :20 1.1382372 1.5528306e-21 1.2972446e-05 635.25885 0.0 1.9940482 0.06828697807033039
epochs :21 1.1604655 7.952836e-22 1.1681712e-05 578.2156 0.0 1.7578648 0.0681129875589641
epochs :22 1.0974244 4.2456538e-23 1.1199864e-05 584.24615 0.0 1.8173145 0.0679308269133979
epochs :23 1.0180624 2.5060704e-23 1.3628333e-05 585.4366 0.0 2.0492437 0.06774054107904537
epochs :24 1.8833765 2.039014e-24 1.7220857e-05 620.3763 0.0 1.6360793 0.0675421770060888
epochs :25 1.8799624 2.1897887e-24 1.5697207e-05 567.2213 0.0 1.8034179 0.06733578363789504
epochs :26 1.6466568 1.6041077e-24 1.5734759e-05 618.0278 0.0 1.6574235 0.06712141189893933
epochs :27 1.6521261 4.639177e-25 1.6118329e-05 608.8978 0.0 1.762681 0.06689911468224058
epochs :28 1.5423961 3.1829147e-25 1.81452e-05 579.57526 0.0 1.6990836 0.06666894683631068
epochs :29 1.4434692 1.9169816e-25 1.7975477e-05 571.7931 0.0 1.6485746 0.06643096515162154
epochs :30 1.2188789 2.4089763e-26 1.932465e-05 578.97253 0.0 1.5435971 0.06618522834659286
epochs :31 0.96230745 1.8028985e-26 1.859678e-05 643.59143 0.0 1.5461768 0.06593179705310427
epochs :32 0.88117325 2.8254184e-26 1.880812e-05 632.62024 0.0 1.6282793 0.06567073380153522
epochs :33 0.92619336 4.1922648e-26 1.8376855e-05 607.1515 0.0 1.5910527 0.06540210300533669
epochs :34 0.78356534 2.752124e-26 1.6675625e-05 624.15094 0.0 1.539042 0.06512597094513803
epochs :35 1.0086958 9.787653e-27 1.6935383e-05 582.5255 0.0 1.6757282 0.06484240575239324
epochs :36 0.63149804 2.8314495e-26 1.5666754e-05 573.3991 0.0 1.4308956 0.06455147739257054
epochs :37 0.5675458 2.9045615e-26 1.3669914e-05 581.9279 0.0 1.558426 0.06425325764788947
epochs :38 0.53513867 1.2522235e-25 1.3186111e-05 572.82733 0.0 1.512984 0.06394782009960967
epochs :39 0.50394297 2.7732136e-25 1.2049051e-05 625.6452 0.0 1.4955692 0.06363524010987583
epochs :40 0.5672727 1.2600819e-25 1.1050974e-05 574.9974 0.0 1.4490309 0.06331559480312317
epochs :41 0.5368603 1.3852129e-25 9.90439e-06 611.5772 0.0 1.6003684 0.06298896304704818
epochs :42 0.56526697 1.2302306e-25 8.341916e-06 589.4683 0.0 1.4913048 0.06265542543314916
epochs :43 0.5957719 2.1400655e-25 6.771941e-06 586.76685 0.0 1.4846475 0.062315064256841544
epochs :44 0.4803576 2.8180138e-25 6.1525693e-06 574.364 0.0 1.561778 0.061967963497152626
epochs :45 0.27844822 2.1764211e-25 4.3638593e-06 586.806 0.0 1.4120662 0.06161420879600109
epochs :46 0.22385418 4.523403e-25 3.3454864e-06 602.1724 0.0 1.423629 0.06125388743706609
epochs :47 0.1791174 8.0684215e-25 3.1122477e-06 574.91833 0.0 1.5295434 0.06088708832425134
epochs :48 0.17348836 2.3287238e-25 2.515108e-06 574.45856 0.0 1.4455583 0.06051390195974941
epochs :49 0.1793321 2.9990162e-25 2.2635668e-06 600.0269 0.0 1.4084159 0.06013442042171161
epochs :50 0.18991093 1.2158469e-25 2.2584209e-06 578.92664 0.0 1.5379754 0.05974873734152916
epochs :51 0.19426556 5.4808577e-26 2.0365298e-06 631.5755 0.0 1.428339 0.059356947880730995
epochs :52 0.1813839 7.574635e-26 1.873167e-06 584.9583 0.0 1.371337 0.05895914870750411
epochs :53 0.18185227 8.446344e-26 1.7871369e-06 595.3859 0.0 1.54455 0.058555437972842066
epochs :54 0.1839507 1.4330926e-26 1.791886e-06 604.0036 0.0 1.3715897 0.058145915286327815
epochs :55 0.18735771 2.8912516e-26 1.8251012e-06 635.417 0.0 1.4193733 0.05773068169155643
epochs :56 0.23648997 3.8097825e-26 1.8539232e-06 634.784 0.0 1.5900848 0.05730983964120414
epochs :57 0.17845273 6.4304682e-27 1.7776225e-06 609.9023 0.0 1.4165862 0.05688349297174969
epochs :58 0.17028965 2.464156e-27 1.7745778e-06 615.8915 0.0 1.3309492 0.05645174687785418
epochs :59 0.19959511 1.0020067e-26 1.7547374e-06 589.21857 0.0 1.3302828 0.056014707886405946
epochs :60 0.124685585 1.722846e-26 1.4550532e-06 660.6157 0.0 1.4957703 0.055572483830236566
epochs :61 0.16254772 4.4181927e-27 1.3399391e-06 609.69775 0.0 1.3643066 0.05512518382151475
epochs :62 0.17340691 1.5751939e-26 1.5489112e-06 588.8783 0.0 1.2873065 0.05467291822482458
epochs :63 0.15774548 2.963712e-27 1.5722184e-06 643.0458 0.0 1.3723803 0.054215798629934614
epochs :64 0.16201456 4.2310455e-27 1.700451e-06 600.44257 0.0 1.436586 0.05375393782426488
epochs :65 0.1705591 2.0798456e-27 1.6153326e-06 587.4858 0.0 1.2780606 0.05328744976505821
epochs :66 0.17789994 2.5269252e-27 1.7078817e-06 621.55475 0.0 1.3561505 0.052816449551263
epochs :67 0.16177475 4.5514385e-27 1.6467447e-06 621.45386 0.0 1.3319461 0.05234105339513428
epochs :68 0.16437787 2.032922e-27 1.6853108e-06 605.12537 0.0 1.3803847 0.05186137859356004
epochs :69 0.14836246 1.2624914e-27 1.6500342e-06 598.2174 0.0 1.3020195 0.05137754349912008
epochs :70 0.13723697 8.673791e-28 1.7733938e-06 592.568 0.0 1.2982076 0.05088966749088415
epochs :71 0.09917249 2.4475257e-28 1.2948993e-06 607.84686 0.0 1.2707142 0.05039787094495704
epochs :72 0.106448814 1.8125577e-28 1.2816172e-06 592.9518 0.0 1.3280209 0.04990227520477756
epochs :73 0.09192059 4.2613015e-28 1.1577181e-06 606.7831 0.0 1.2726625 0.049403002551178826
epochs :74 0.07949439 3.0827706e-28 1.1267009e-06 602.38495 0.0 1.2719551 0.048900176172217334
epochs :75 0.105661586 6.9462823e-28 1.5705918e-06 592.09534 0.0 1.286577 0.04839392013277816
epochs :76 0.09995149 9.8207796e-29 1.5845553e-06 620.183 0.0 1.3098415 0.047884359343963755
epochs :77 0.091602236 3.3892726e-30 1.5204228e-06 607.4694 0.0 1.295011 0.04737161953227402
epochs :78 0.08650332 1.1693293e-28 1.4720322e-06 603.27386 0.0 1.2188339 0.04685582720858523
epochs :79 0.08106097 4.2394912e-29 1.411674e-06 595.6885 0.0 1.2485123 0.046337109636935256
epochs :80 0.075294144 3.0559347e-28 1.2668328e-06 609.39703 0.0 1.3115888 0.04581559480312319
epochs :81 0.06425227 4.9023478e-29 1.1425792e-06 589.19604 0.0 1.2541528 0.04529141138313067
epochs :82 0.043325763 3.1346264e-29 9.2892145e-07 610.6289 0.0 1.2303044 0.044764688711373055
epochs :83 0.0639321 7.505765e-29 9.624007e-07 604.99506 0.0 1.2458142 0.044235556748788075
epochs :84 0.060566753 2.1576025e-29 1.1810419e-06 601.6436 0.0 1.2366083 0.04370414605076994
epochs :85 0.051449735 1.1702663e-28 9.750665e-07 591.39844 0.0 1.2204562 0.043170587734956724
epochs :86 0.028725632 1.0956707e-28 7.8332624e-07 603.82697 0.0 1.2428622 0.042635013448879024
epochs :87 0.04107048 3.0390416e-29 8.982471e-07 600.4349 0.0 1.2392621 0.04209755533747797
epochs :88 0.04740457 3.446288e-29 9.360538e-07 602.0102 0.0 1.235708 0.041558346010500395
epochs :89 0.043570686 3.107623e-29 1.0430368e-06 591.708 0.0 1.2180412 0.041017518509779353
epochs :90 0.039203804 3.1301805e-29 9.737912e-07 615.75415 0.0 1.2283622 0.040475206276408104
epochs :91 0.035787065 2.85189e-29 9.1537345e-07 595.08813 0.0 1.1938593 0.03993154311781542
epochs :92 0.026344446 2.959597e-29 6.8390347e-07 627.3076 0.0 1.2120572 0.039386663174750675
epochs :93 0.021502705 1.412876e-29 7.289675e-07 604.8036 0.0 1.2373488 0.038840700888186606
epochs :94 0.019245626 2.8982146e-29 6.7313465e-07 588.9143 0.0 1.1921899 0.038293790966148024
epochs :95 0.011557738 1.7851705e-29 4.969749e-07 592.64557 0.0 1.2003355 0.037746068350474594
epochs :96 0.02246848 8.495185e-30 6.575326e-07 612.11975 0.0 1.2149684 0.03719766818352599
epochs :97 0.021518886 2.563683e-29 7.193656e-07 606.8024 0.0 1.1915903 0.03664872577483751
epochs :98 0.018669715 1.8717854e-29 6.6554753e-07 606.5161 0.0 1.1922277 0.03609937656773451
epochs :99 0.016362676 9.5670006e-30 6.1818514e-07 605.59625 0.0 1.1910899 0.035549756105913745
epochs :100 0.014817082 3.3027374e-30 5.7685133e-07 598.3942 0.0 1.1822098 0.03500000000000002
epochs :101 0.013120526 7.63161e-30 5.4302006e-07 592.29346 0.0 1.1842467 0.034450243894086297
epochs :102 0.011415263 4.0271033e-30 5.0326224e-07 608.0925 0.0 1.1714755 0.03390062343226552
epochs :103 0.010663008 3.9451163e-30 4.5999613e-07 621.50824 0.0 1.2098243 0.03335127422516252
epochs :104 0.009743899 4.2726906e-30 4.4156508e-07 587.99036 0.0 1.1672913 0.032802331816474045
epochs :105 0.009084403 6.2213504e-31 4.1530362e-07 593.05566 0.0 1.1677849 0.03225393164952545
epochs :106 0.008093388 1.2077305e-31 3.826314e-07 609.48895 0.0 1.174075 0.03170620903385202
epochs :107 0.0077899476 6.3182633e-31 3.1619157e-07 594.1685 0.0 1.1693975 0.031159299111813435
epochs :108 0.0060358224 2.43879e-31 2.45833e-07 590.345 0.0 1.1674973 0.030613336825249374
epochs :109 0.006615633 3.60045e-31 2.596063e-07 612.2434 0.0 1.1769503 0.030068456882184635
epochs :110 0.0066667595 4.331489e-31 3.0858322e-07 599.3265 0.0 1.1577295 0.02952479372359194
epochs :111 0.005327188 1.6389615e-33 2.4781707e-07 587.7328 0.0 1.1552846 0.02898248149022068
epochs :112 0.004629391 2.9400813e-31 1.8756089e-07 587.7165 0.0 1.1580104 0.028441653989499657
epochs :113 0.0045099645 4.3351917e-31 1.7935902e-07 589.4337 0.0 1.1581707 0.027902444662522084
epochs :114 0.0042718677 7.8211105e-32 1.766358e-07 595.21606 0.0 1.1599201 0.02736498655112104
epochs :115 0.0044187806 5.889692e-32 1.7074386e-07 586.4516 0.0 1.1520911 0.026829412265043324
epochs :116 0.0043889773 1.6692116e-31 1.6542754e-07 588.7132 0.0 1.150813 0.0262958539492301
epochs :117 0.004393626 9.222974e-32 1.5638764e-07 590.8413 0.0 1.1415397 0.025764443251211966
epochs :118 0.004307439 4.2072145e-32 1.5096224e-07 600.9194 0.0 1.151255 0.025235311288626994
epochs :119 0.004187491 1.2947672e-31 1.4254367e-07 606.2177 0.0 1.1494367 0.024708588616869382
epochs :120 0.003977671 1.0821483e-31 1.3838323e-07 589.12115 0.0 1.1380569 0.024184405196876868
epochs :121 0.0038554631 5.975828e-32 1.3294067e-07 597.77924 0.0 1.1331315 0.023662890363064785
epochs :122 0.003775568 1.5488108e-32 1.3027876e-07 594.0536 0.0 1.1407483 0.02314417279141482
epochs :123 0.003044847 6.8499077e-32 1.1868633e-07 592.9536 0.0 1.131742 0.02262838046772602
epochs :124 0.0028629848 3.9627895e-32 1.1057712e-07 603.98456 0.0 1.1301517 0.022115640656036294
epochs :125 0.0023457892 1.7112146e-32 1.0647409e-07 588.7828 0.0 1.1335758 0.02160607986722188
epochs :126 0.0022872428 1.5114098e-32 1.0252909e-07 597.9249 0.0 1.1409217 0.02109982382778269
epochs :127 0.002344932 2.685493e-32 9.782742e-08 607.6069 0.0 1.1272069 0.020596997448821208
epochs :128 0.0027026928 1.2971836e-32 9.39722e-08 590.60785 0.0 1.1257362 0.020097724795222472
epochs :129 0.0023188891 1.1371182e-32 9.132435e-08 583.89844 0.0 1.1262084 0.019602129055042983
epochs :130 0.002241349 4.486985e-33 8.811274e-08 597.11993 0.0 1.1216385 0.01911033250911588
epochs :131 0.0022347807 3.8080544e-33 8.625434e-08 586.9034 0.0 1.1185381 0.01862245650087995
epochs :132 0.0023167 3.5377913e-33 8.4802316e-08 596.1828 0.0 1.1189244 0.018138621406439973
epochs :133 0.0021889848 5.541363e-33 8.018296e-08 589.9206 0.0 1.1179261 0.017658946604865746
epochs :134 0.0024615354 3.6020945e-33 8.295397e-08 601.9479 0.0 1.1291667 0.017183550448737015
epochs :135 0.0023338785 1.3462406e-33 8.103212e-08 591.3108 0.0 1.1215241 0.016712550234941802
epochs :136 0.0025356575 1.675372e-33 8.3194166e-08 597.0036 0.0 1.1129885 0.01624606217573512
epochs :137 0.002415558 1.2521659e-33 8.400663e-08 592.7608 0.0 1.1140597 0.015784201370065393
epochs :138 0.0024693594 5.3966454e-34 8.634143e-08 597.9832 0.0 1.11319 0.015327081775175434
epochs :139 0.0028633173 1.2281344e-33 8.461457e-08 601.82263 0.0 1.1142299 0.014874816178485259
epochs :140 0.0024735641 4.9014583e-34 8.4559574e-08 590.10034 0.0 1.1115413 0.014427516169763453
epochs :141 0.0026891965 2.7404428e-34 8.365677e-08 588.11646 0.0 1.1068655 0.013985292113594072
epochs :142 0.0023586606 3.6413982e-34 8.174895e-08 588.0359 0.0 1.1081852 0.013548253122145826
epochs :143 0.002375081 2.6004649e-34 8.291839e-08 604.92365 0.0 1.1097741 0.013116507028250325
epochs :144 0.0024873468 1.332674e-34 8.148066e-08 596.2711 0.0 1.1095934 0.012690160358795865
epochs :145 0.0024015885 2.898572e-34 7.968757e-08 591.4344 0.0 1.102412 0.012269318308443583
epochs :146 0.0022515352 4.7833143e-34 7.623718e-08 594.9517 0.0 1.1066616 0.011854084713672197
epochs :147 0.002184539 1.0019871e-34 7.55221e-08 585.84674 0.0 1.1062138 0.011444562027157936
epochs :148 0.0020318918 1.4117354e-34 7.3581646e-08 586.3831 0.0 1.1019146 0.0110408512924959
epochs :149 0.0020550776 4.203567e-35 7.364333e-08 584.8262 0.0 1.1037154 0.010643052119269004
epochs :150 0.0020033044 2.6829806e-35 7.208573e-08 591.7682 0.0 1.1003858 0.010251262658470844
epochs :151 0.0022164488 1.0908883e-34 7.184468e-08 587.2038 0.0 1.1014689 0.0098655795782884
epochs :152 0.0018459024 9.978905e-35 6.866128e-08 597.5389 0.0 1.0989382 0.009486098040250609
epochs :153 0.0019994234 2.3327393e-35 6.741101e-08 588.3021 0.0 1.1012388 0.009112911675748663
epochs :154 0.0016934286 2.073658e-35 6.518162e-08 600.64465 0.0 1.0996695 0.00874611256293392
epochs :155 0.0016141436 3.3623885e-35 6.117395e-08 599.7852 0.0 1.1011465 0.008385791203998924
epochs :156 0.0015736578 2.3295737e-35 5.917706e-08 595.44653 0.0 1.0985967 0.008032036502847386
epochs :157 0.0014832332 2.0303874e-35 5.7156498e-08 593.06635 0.0 1.095795 0.007684935743158471
epochs :158 0.0014226418 2.5600195e-35 5.5614443e-08 590.10004 0.0 1.0974599 0.007344574566850841
epochs :159 0.0014596008 4.1923888e-35 5.4163277e-08 585.3641 0.0 1.0960704 0.0070110369529518355
epochs :160 0.0014186052 2.086369e-35 5.331773e-08 600.4075 0.0 1.0963705 0.006684405196876849
epochs :161 0.001317548 1.2929182e-35 5.0273364e-08 591.54755 0.0 1.0942396 0.006364759890124191
epochs :162 0.0011708579 9.0577565e-36 4.9117716e-08 592.27344 0.0 1.0953451 0.006052179900390346
epochs :163 0.00136298 9.315809e-36 4.7859427e-08 597.8928 0.0 1.0949907 0.005746742352110554
epochs :164 0.0010412745 1.02507936e-35 4.6005926e-08 593.2477 0.0 1.0951777 0.005448522607429486
epochs :165 0.0011091548 7.318371e-36 4.4960906e-08 604.49695 0.0 1.0935663 0.005157594247606787
epochs :166 0.0011383508 9.195064e-36 4.3538094e-08 601.5932 0.0 1.0941789 0.004874029054861974
epochs :167 0.0011793601 9.7358124e-36 4.2320195e-08 591.64014 0.0 1.094215 0.004597896994663309
epochs :168 0.0010059273 5.549668e-36 4.1342933e-08 592.3205 0.0 1.0943582 0.004329266198464779
epochs :169 0.0009951812 4.6017486e-36 4.017108e-08 601.0109 0.0 1.0928937 0.004068202946895734
epochs :170 0.0010517434 5.0328697e-36 3.915596e-08 593.25977 0.0 1.0928009 0.003814771653407132
epochs :171 0.0009491564 5.836939e-36 3.8128043e-08 588.275 0.0 1.0915534 0.0035690348483784604
epochs :172 0.0009340206 4.0197537e-36 3.7070436e-08 591.71625 0.0 1.0920082 0.0033310531636893265
epochs :173 0.00092107983 3.9023266e-36 3.605956e-08 599.3263 0.0 1.0924486 0.0031008853177594262
epochs :174 0.0009004335 3.976501e-36 3.536668e-08 592.3082 0.0 1.0912873 0.002878588101060671
epochs :175 0.00090902 2.274141e-36 3.4470382e-08 593.42303 0.0 1.091083 0.002664216362104975
epochs :176 0.00089351647 2.7738011e-36 3.3985934e-08 598.5745 0.0 1.0907577 0.0024578229939112056
epochs :177 0.0007972634 4.0798798e-36 3.300024e-08 592.2672 0.0 1.0907835 0.0022594589209546444
epochs :178 0.00079877005 2.4321037e-36 3.2626758e-08 595.8155 0.0 1.0904846 0.0020691730866021114
epochs :179 0.00078554143 2.0624305e-36 3.19468e-08 597.61096 0.0 1.0907673 0.0018870124410359167
epochs :180 0.00078087643 2.424637e-36 3.1294842e-08 596.5351 0.0 1.0902127 0.0017130219296696283
epochs :181 0.0007430291 2.1837857e-36 3.100303e-08 599.4595 0.0 1.0902193 0.0015472444820584475
epochs :182 0.0007239611 1.9747084e-36 3.0320816e-08 592.2496 0.0 1.089825 0.0013897210013069981
epochs :183 0.00076378003 1.8839776e-36 3.0311966e-08 595.35065 0.0 1.0898992 0.0012404903539770726
epochs :184 0.00073513435 1.6780368e-36 2.9714496e-08 594.3824 0.0 1.0897465 0.0010995893604979175
epochs :185 0.0007184187 1.6643813e-36 2.9348362e-08 595.60724 0.0 1.089413 0.0009670527860813217
epochs :186 0.000721268 1.6632642e-36 2.9189323e-08 598.44385 0.0 1.0893773 0.0008429133321438447
epochs :187 0.00071343884 1.5815014e-36 2.8903461e-08 597.96466 0.0 1.089239 0.0007272016282381958
epochs :188 0.0007078156 1.5788129e-36 2.8539747e-08 595.3102 0.0 1.0891892 0.0006199462244958955
epochs :189 0.00070100185 1.4703364e-36 2.844959e-08 593.92566 0.0 1.0892305 0.0005211735845829153
epochs :190 0.00069479103 1.1720309e-36 2.825942e-08 599.09875 0.0 1.0890858 0.0004309080791701825
epochs :191 0.00071594573 1.4867263e-36 2.808534e-08 594.0178 0.0 1.088934 0.00034917197992048667
epochs :192 0.0007306327 1.5248192e-36 2.8045308e-08 599.38824 0.0 1.088872 0.0002759854539932786
epochs :193 0.0007077819 1.3554364e-36 2.7873478e-08 598.0696 0.0 1.0888011 0.00021136655906871441
epochs :194 0.00071805547 1.29311975e-36 2.791976e-08 596.9113 0.0 1.0887634 0.0001553312388922003
