epochs :0 18027.316 171.17473 3174.8699 11738.757 236.75084 5736.695 0.029999703912842055
epochs :1 896.60803 408.3033 570.6203 2256.6028 622.42316 1218.1542 0.029998815663057243
epochs :2 406.666 287.71567 341.03195 879.99475 447.61465 598.7358 0.029997335285712134
epochs :3 297.6037 257.95264 276.06635 849.9357 394.07205 524.0393 0.029995262839249498
epochs :4 272.58835 247.10738 258.5224 689.23206 421.29825 551.8176 0.029992598405485973
epochs :5 322.03073 234.07695 263.85764 1029.9789 431.50934 698.38904 0.02998934208960884
epochs :6 325.5274 235.20341 266.09238 1182.3016 480.01886 693.08246 0.029985494020171873
epochs :7 304.3047 222.07666 255.55319 925.29504 465.53293 616.0754 0.029981054349090264
epochs :8 272.94263 224.62666 242.94707 764.8986 427.23566 572.0049 0.029976023251634627
epochs :9 256.61395 215.19829 233.82802 832.98975 412.863 561.4354 0.029970400926424074
epochs :10 273.67038 215.06302 233.67401 1424.2463 421.9847 598.93866 0.029964187595418378
