epochs :0 2874671.2 150031.19 986024.6 2877671.5 158561.42 1024574.4 0.06999965737394323
epochs :1 161776.62 108107.03 136681.84 167250.7 154112.94 159864.0 0.06999862950248105
epochs :2 109797.21 52002.41 80631.44 162505.95 154143.75 158677.53 0.0699969164057378
epochs :3 53514.668 24677.674 37507.54 162161.27 141163.11 157703.12 0.06999451811725353
epochs :4 26944.086 14881.16 20473.35 141863.6 100926.29 113704.305 0.0699914346839835
epochs :5 16801.662 11748.348 13572.254 111286.086 101873.06 106563.445 0.06998766616629708
epochs :6 12665.59 9815.231 11065.6045 110821.27 46205.594 99760.8 0.0699832126379767
epochs :7 11502.773 8911.498 10088.9 99279.445 90284.76 93912.7 0.06997807418621635
epochs :8 10463.323 8268.061 9312.354 102898.33 88913.016 96624.53 0.06997225091161989
epochs :9 9994.218 8225.772 8857.174 103303.41 93708.79 98820.07 0.06996574292819907
epochs :10 9399.964 7838.8105 8520.681 100613.266 90012.96 94027.55 0.06995855036337129
epochs :11 8935.684 7699.6855 8256.735 94819.18 88162.266 91795.49 0.06995067335795713
epochs :12 8733.441 7504.261 8045.7686 91746.44 80875.586 86882.99 0.06994211206617759
epochs :13 8663.845 7461.974 7880.797 85630.96 66974.15 76650.89 0.06993286665565104
epochs :14 8775.61 7165.977 7733.8193 66222.48 47710.984 54513.094 0.06992293730738998
epochs :15 8186.6753 7097.1055 7625.9365 49459.85 39261.035 45378.445 0.06991232421579745
epochs :16 8006.364 7030.6787 7512.752 77839.88 37275.527 48564.996 0.06990102758866326
epochs :17 7876.3 7083.014 7424.2554 67212.516 39520.895 50587.926 0.06988904764715995
epochs :18 7905.0527 6848.9175 7350.466 45629.133 36828.684 40697.207 0.06987638462583833
epochs :19 7693.452 6950.8506 7291.6357 39942.04 35009.44 37074.812 0.06986303877262307
epochs :20 8005.23 6881.343 7225.5996 37943.324 32582.686 35157.05 0.0698490103488077
epochs :21 7642.3965 6832.466 7177.7334 35903.848 31178.434 33601.117 0.06983429962904956
epochs :22 7596.3477 6700.7954 7124.0615 33834.64 29039.488 31728.715 0.06981890690136443
epochs :23 7817.4336 6771.0693 7085.1274 32709.514 27345.307 30089.18 0.06980283246712086
epochs :24 7512.463 6732.83 7049.5713 33664.92 26588.59 28973.457 0.06978607664103427
epochs :25 7491.3843 6711.988 7018.7246 30380.576 25830.13 27789.88 0.06976863975116081
epochs :26 7420.882 6658.2344 6989.798 29186.832 24217.48 26544.69 0.06975052213889092
epochs :27 7296.251 6676.0728 6951.9834 28086.133 22905.705 24590.738 0.06973172415894267
epochs :28 7572.549 6591.0483 6928.9214 25627.805 22072.9 23516.576 0.0697122461793548
epochs :29 7341.278 6581.628 6905.9863 25412.0 21534.885 23024.955 0.06969208858147949
epochs :30 7190.723 6631.4 6882.5537 25317.68 19522.084 21891.707 0.06967125175997492
epochs :31 7283.1377 6531.7363 6855.298 22413.773 18625.014 20340.81 0.06964973612279755
epochs :32 7207.7686 6572.825 6838.9893 22338.896 17934.676 19753.39 0.06962754209119414
epochs :33 7282.243 6502.313 6841.305 22578.783 17419.934 19257.14 0.06960467009969341
epochs :34 7201.1387 6436.0464 6813.1016 25492.65 16944.686 19870.273 0.06958112059609771
epochs :35 7058.4473 6565.1084 6800.802 19776.885 16186.369 17691.324 0.0695568940414741
epochs :36 7114.1924 6552.414 6790.752 21142.607 15619.646 17825.54 0.06953199091014534
epochs :37 7147.4624 6487.1167 6763.7466 17051.424 14286.267 15845.105 0.06950641168968068
epochs :38 6993.206 6455.8545 6751.4995 17558.887 14584.434 15649.362 0.06948015688088628
epochs :39 7104.8584 6511.15 6741.603 19761.37 13983.963 15863.427 0.06945322699779535
epochs :40 6995.006 6492.0854 6736.8716 15533.5625 13292.098 14222.243 0.06942562256765818
epochs :41 6995.3286 6557.962 6723.4966 16262.457 12865.004 14309.688 0.06939734413093172
epochs :42 7005.8975 6463.5015 6715.532 16528.793 12639.528 14121.916 0.06936839224126909
epochs :43 7034.1436 6497.9424 6707.259 13609.398 11429.581 12642.734 0.06933876746550868
epochs :44 7053.9097 6466.541 6694.2515 14354.042 11573.704 12746.849 0.06930847038366306
epochs :45 7020.1484 6467.0127 6690.925 13536.986 11367.146 12158.754 0.06927750158890762
epochs :46 6883.1753 6533.2407 6698.914 13549.454 10801.055 11955.614 0.06924586168756904
epochs :47 6912.56 6307.5776 6668.0327 12985.733 10027.251 11617.694 0.06921355129911323
epochs :48 7018.6626 5670.7803 6660.806 13624.882 8223.233 11148.043 0.06918057105613344
epochs :49 6957.7676 6434.234 6675.2573 13081.832 10288.322 11372.301 0.06914692160433769
epochs :50 6844.3057 6488.27 6659.1704 12164.303 9834.798 10877.8545 0.06911260360253622
epochs :51 6945.579 6428.969 6658.512 11972.72 9180.44 10381.857 0.06907761772262853
epochs :52 6837.309 6429.676 6650.594 21869.23 9867.339 13764.712 0.0690419646495903
epochs :53 6890.9546 6434.894 6643.931 11140.164 9253.58 10037.927 0.0690056450814599
epochs :54 6946.644 6417.6675 6642.0654 10707.911 8463.947 9417.884 0.0689686597293248
epochs :55 6878.1787 6410.5923 6654.526 15917.967 8589.72 10874.573 0.0689310093173076
epochs :56 6831.822 6412.277 6635.5176 11734.256 8587.603 9877.203 0.06889269458255182
epochs :57 6911.8145 6421.141 6632.6123 10117.473 7925.158 8965.611 0.06885371627520757
epochs :58 6874.5195 6441.3696 6622.427 11544.17 8461.59 9247.563 0.0688140751584168
epochs :59 6844.476 6359.55 6617.5835 10335.891 8188.679 9039.731 0.06877377200829829
epochs :60 6865.7793 6417.0547 6612.4624 10516.281 7250.934 9055.047 0.0687328076139326
epochs :61 6762.3906 6439.825 6608.6123 9349.165 6947.5254 8216.137 0.06869118277734654
epochs :62 6783.779 6332.342 6600.4 9692.753 7845.846 8462.289 0.06864889831349744
epochs :63 6853.346 6362.278 6607.5337 13225.063 7071.779 9286.032 0.06860595505025727
epochs :64 6795.2227 6396.322 6618.532 9898.555 7646.129 8773.933 0.06856235382839633
epochs :65 6849.1953 6409.165 6599.1895 8538.395 6996.315 7789.575 0.06851809550156693
epochs :66 6800.294 6428.613 6599.126 8754.391 6682.8325 7435.3447 0.06847318093628654
epochs :67 6837.037 6380.268 6589.1006 9290.334 6428.6284 7388.2773 0.06842761101192091
epochs :68 6732.6636 6440.209 6586.2393 9255.606 6318.1836 7455.255 0.06838138662066678
epochs :69 6825.573 6404.3154 6593.3984 9027.093 6809.442 7583.242 0.06833450866753452
epochs :70 6769.9785 6445.2246 6592.456 9772.042 6674.1514 7922.8237 0.0682869780703303
epochs :71 6756.3535 6440.7876 6583.6333 8999.744 6226.9375 7692.2095 0.06823879575963818
epochs :72 6810.835 6352.6245 6585.3896 9398.431 6581.32 7762.2153 0.06818996267880188
epochs :73 78137.69 6274.469 8789.837 155277.66 6446.202 57272.41 0.06814047978390632
epochs :74 6844.639 6400.636 6616.377 212355.19 68644.87 102747.38 0.06809034804375887
epochs :75 6805.1377 6390.53 6576.336 70714.26 51612.992 58206.215 0.06803956843987043
epochs :76 6771.0576 6430.0566 6572.5713 53674.1 45189.53 49066.37 0.06798814196643616
epochs :77 6731.794 6369.313 6576.5386 46931.754 37666.01 43644.3 0.06793606963031604
epochs :78 6834.6997 6047.51 6561.398 45437.33 36860.02 39631.207 0.06788335245101516
epochs :79 6757.0566 6407.9624 6570.6543 39488.027 32017.69 36019.465 0.06782999146066378
epochs :80 6845.645 6341.2065 6578.992 39112.594 31138.812 34442.617 0.06777598770399708
epochs :81 6696.5054 6151.995 6505.47 38343.742 30025.664 32449.02 0.06772134223833474
epochs :82 66444.77 6591.465 11552.648 113914.84 33710.926 52429.164 0.06766605613356019
epochs :83 6887.0356 6454.0156 6624.3765 41023.65 33388.094 36694.363 0.06761013047209972
epochs :84 6843.311 6377.195 6596.726 36705.797 31233.303 33348.938 0.06755356634890129
epochs :85 6844.6543 6422.08 6584.904 32929.297 28682.36 31009.982 0.06749636487141303
epochs :86 6761.8003 6440.6055 6581.0522 31582.164 27440.225 29209.117 0.06743852715956158
epochs :87 6870.925 6424.745 6579.005 29751.477 26391.12 27797.63 0.06738005434573024
epochs :88 6736.53 6332.4585 6577.6973 28890.598 24988.559 26709.281 0.06732094757473671
epochs :89 6760.4307 6433.153 6572.793 26959.967 23604.441 25490.504 0.06726120800381066
epochs :90 6777.6646 6405.6216 6574.0537 25294.844 22242.652 23967.29 0.06720083680257118
epochs :91 6828.5117 6374.5474 6574.9717 25995.867 22042.951 23638.562 0.06713983515300379
epochs :92 6849.9365 6357.5356 6566.9155 26116.059 21252.986 22728.105 0.06707820424943732
epochs :93 6760.4365 6413.3667 6565.592 24374.52 20087.662 21460.445 0.06701594529852054
epochs :94 6719.6636 6361.736 6564.5522 22704.059 17843.318 20370.824 0.06695305951919851
epochs :95 6796.566 5849.361 6555.8984 21153.87 18526.24 19766.898 0.06688954814268878
epochs :96 7596.58 6420.7817 6584.59 21342.201 15065.414 19219.457 0.0668254124124572
epochs :97 6783.4404 6362.741 6562.2803 29520.695 17097.088 19891.596 0.06676065358419361
epochs :98 6796.068 6368.6636 6555.7026 19558.014 15989.787 17568.168 0.06669527292578728
epochs :99 6754.829 6385.341 6555.3164 19024.168 16177.367 17361.201 0.06662927171730204
epochs :100 6687.582 6369.6606 6554.1885 18266.541 16049.873 17187.559 0.06656265125095125
epochs :101 6863.867 6363.995 6556.0483 17597.693 15379.326 16168.479 0.06649541283107248
epochs :102 6787.705 6347.1206 6552.205 17966.082 14248.0625 16277.526 0.066427557774102
epochs :103 6787.624 6310.9087 6549.841 17853.537 14532.833 15666.776 0.066359087408549
epochs :104 6762.8364 6357.6426 6548.21 18098.762 14031.853 15346.548 0.06629000307496956
epochs :105 6721.148 6353.614 6544.1997 19022.148 13106.585 15606.689 0.0662203061259404
epochs :106 6741.851 6396.801 6551.747 16052.133 13022.148 14464.241 0.06614999792603243
epochs :107 6719.2485 6384.9287 6545.745 15955.864 12717.293 14113.8545 0.066079079851784
epochs :108 6790.571 6405.429 6544.23 14701.324 12670.781 13631.985 0.06600755329167399
epochs :109 6747.332 6405.6924 6545.508 16190.715 12238.137 13576.381 0.06593541964609456
epochs :110 6723.3125 6399.5293 6543.7104 15666.645 11623.734 13174.149 0.06586268032732383
epochs :111 7214.3516 6398.5005 6556.1055 14210.857 11170.857 12564.813 0.06578933675949812
epochs :112 6722.7603 6367.431 6544.41 14601.24 11534.235 12954.331 0.06571539037858415
epochs :113 6948.5405 6321.342 6551.4844 16026.803 11074.902 12500.206 0.06564084263235087
epochs :114 6715.3174 6373.848 6554.5728 18234.354 11471.856 13358.795 0.06556569498034116
epochs :115 6772.504 6336.8687 6535.4443 12466.658 10519.475 11496.395 0.06548994889384326
epochs :116 16139.972 6037.56 7312.617 62702.504 10344.444 20221.309 0.06541360585586188
epochs :117 8203.111 6387.7007 6703.689 31777.264 13902.361 19922.344 0.06533666736108926
epochs :118 6455.054 5115.215 5855.71 15408.928 12387.045 13612.601 0.06525913491587587
epochs :119 5305.1626 4790.2925 5092.6973 14421.556 12039.328 13047.715 0.0651810100382009
epochs :120 5047.704 4654.144 4872.516 13821.429 11575.495 12751.196 0.06510229425764255
epochs :121 5033.3726 4628.1265 4799.4507 14015.269 11178.501 12393.881 0.06502298911534814
epochs :122 5314.937 4447.677 4758.7236 14555.32 10684.675 12027.931 0.06494309616400382
epochs :123 4948.1753 4376.6924 4591.523 14218.607 9918.139 11474.659 0.06486261696780428
epochs :124 4714.2134 4258.032 4449.2217 12393.173 9992.22 10943.177 0.06478155310242208
epochs :125 4538.1626 4191.157 4390.7964 11820.147 9610.369 10632.495 0.0646999061549768
epochs :126 4749.2734 4110.0396 4331.2275 12107.073 8894.405 10653.106 0.06461767772400394
epochs :127 4457.3047 4083.793 4258.152 11695.743 9777.917 10484.362 0.06453486941942368
epochs :128 4331.5386 4047.7717 4166.329 10832.158 8566.867 9797.926 0.06445148286250935
epochs :129 4430.8 3998.5725 4152.703 11679.113 8775.838 9820.402 0.06436751968585562
epochs :130 4461.838 3641.0378 4136.7886 11535.438 8321.691 9985.485 0.0642829815333466
epochs :131 4320.586 3866.9524 4085.0361 10157.16 7715.2056 9270.794 0.0641978700601237
epochs :132 4441.8687 3863.161 4101.7944 12395.851 8430.615 9562.903 0.06411218693255309
epochs :133 4186.8125 3852.268 4012.2498 9763.222 7631.505 8815.748 0.06402593382819317
epochs :134 4123.206 3873.7021 3997.4224 9781.014 7841.992 8810.183 0.06393911243576172
epochs :135 4114.915 3728.986 3964.7063 9744.303 8134.8867 8704.648 0.06385172445510282
epochs :136 4078.5461 3772.4014 3945.7886 9385.685 7492.7993 8342.185 0.06376377159715356
epochs :137 4420.08 3776.7727 3971.7407 10390.381 7706.2485 8892.262 0.06367525558391057
epochs :138 4270.596 3750.7446 3915.032 9645.601 7715.7344 8407.406 0.06358617814839629
epochs :139 4099.0625 3728.2563 3879.6963 9133.133 7303.036 8152.292 0.06349654103462501
epochs :140 4299.9263 3686.2832 3995.755 12137.681 7609.1787 9550.114 0.06340634599756881
epochs :141 3961.4258 3719.262 3844.9507 9472.774 7366.9155 8099.5337 0.06331559480312308
epochs :142 3993.8328 3646.579 3824.7292 9292.508 7030.9336 7940.49 0.06322428922807206
epochs :143 4047.379 3596.5232 3833.8564 8771.72 7124.611 8006.207 0.06313243106005398
epochs :144 3949.2278 3602.6272 3799.6377 9180.903 7079.9395 8044.254 0.0630400220975261
epochs :145 5475.6655 3552.2517 3838.967 16841.533 7025.3345 8550.656 0.06294706414972948
epochs :146 4702.0503 3708.5076 4056.3064 19128.188 8215.509 11210.698 0.06285355903665352
epochs :147 3956.9487 3648.6982 3787.7195 9164.029 7490.6353 8202.356 0.06275950858900044
epochs :148 3885.015 3579.6948 3746.29 9030.6875 7496.5684 8133.1377 0.06266491464814931
epochs :149 4021.9165 3592.2659 3755.9543 10763.3 7275.711 8649.165 0.06256977906612007
epochs :150 4118.908 3588.5876 3831.0403 14578.477 8323.572 10975.345 0.06247410370553725
epochs :151 6613.576 4430.295 5157.4854 38103.82 22010.438 28685.074 0.06237789043959351
epochs :152 4594.466 4141.7617 4440.1807 22175.092 15862.376 19781.51 0.06228114115201297
epochs :153 4612.921 4003.0278 4241.879 17937.99 14989.984 16560.922 0.0621838577370143
epochs :154 4265.7065 3913.627 4109.9297 17573.863 14044.945 15556.771 0.06208604209927367
epochs :155 4180.647 3824.239 3984.183 16050.627 11855.611 13637.284 0.06198769615388743
epochs :156 4165.621 3778.7734 3938.6284 14193.66 11340.261 12480.492 0.06188882182633464
epochs :157 4110.7944 3692.0266 3847.5762 12160.625 10306.973 11395.025 0.061789421052439356
epochs :158 4139.77 3693.7043 3887.034 12635.307 9938.071 11238.417 0.06168949577833272
epochs :159 4107.093 3634.4207 3800.7302 12399.041 9167.844 10547.289 0.0615890479604149
epochs :160 3995.4165 3653.1697 3818.0093 11455.1875 9390.696 10316.757 0.06148807956531674
epochs :161 4041.8892 3599.3716 3768.889 10975.995 8663.32 9783.303 0.06138659256986126
epochs :162 4462.1035 3530.7593 3807.4878 19260.814 8593.371 10705.396 0.06128458896102498
epochs :163 4320.8516 3607.3247 3933.183 18825.422 10369.414 13421.878 0.06118207073589902
epochs :164 3891.8142 3515.4482 3710.3113 11247.597 8957.098 9994.584 0.06107903990164994
epochs :165 3855.6143 3534.4463 3682.5054 12234.965 8165.8643 9242.955 0.06097549847548051
epochs :166 3862.338 3583.5923 3719.6797 11761.185 8473.72 10126.858 0.06087144848459021
epochs :167 3940.6316 3453.2058 3670.152 10296.139 8131.0396 8975.291 0.06076689196613549
epochs :168 3851.9612 3446.1418 3609.8389 9177.132 7040.1665 8313.464 0.06066183096718992
epochs :169 3863.5845 3513.3093 3654.125 10454.485 7678.8574 8679.143 0.06055626754470414
epochs :170 3916.3828 2925.7646 3713.08 12964.166 5664.155 10073.445 0.06045020376546551
epochs :171 4023.4966 3489.88 3675.389 11200.251 8119.8774 9291.4 0.060343641706057716
epochs :172 3936.7751 3466.465 3692.2197 12291.152 7559.311 9739.839 0.060236583452820104
epochs :173 3774.6343 3453.46 3602.582 10646.295 7557.8623 8881.063 0.06012903110180678
epochs :174 3626.828 3332.843 3505.8438 8457.422 6897.591 7628.4663 0.06002098675874562
epochs :175 3911.286 3458.4739 3639.2195 10133.957 7177.7236 8559.819 0.05991245253899705
epochs :176 4614.149 3503.2175 3935.7993 20880.947 8426.142 14102.223 0.05980343056751258
epochs :177 3801.3853 3429.819 3606.6907 10468.961 7941.482 8935.956 0.05969392297879327
epochs :178 3729.9744 3364.7002 3522.1055 9443.53 6924.8936 7815.0703 0.05958393191684789
epochs :179 3668.6575 3307.046 3450.1323 8442.83 6519.338 7343.8345 0.05947345953515092
epochs :180 3761.7507 3392.2754 3522.0984 9163.237 6694.657 7646.8657 0.05936250799660046
epochs :181 3621.6575 3298.184 3460.3376 9232.755 6972.867 7735.9893 0.05925107947347582
epochs :182 3893.092 3304.1572 3568.4226 13896.665 6864.1914 8987.627 0.059139176147395035
epochs :183 3943.1018 3518.9568 3758.3818 14664.698 8605.382 11915.906 0.059026800209272125
epochs :184 3731.631 3388.192 3545.9526 11878.649 7880.666 9252.497 0.0589139538592742
epochs :185 3615.3218 3298.8884 3459.2761 10234.309 7165.0264 8343.963 0.058800639306778424
epochs :186 3721.032 3272.637 3469.4526 10661.577 6946.135 8406.197 0.05868685877032866
epochs :187 3653.6074 3218.471 3364.7788 9948.676 6509.381 7533.694 0.05857261447759218
epochs :188 3496.7825 3117.7336 3313.695 7361.189 5980.435 6776.941 0.058457908665315896
epochs :189 3590.7434 3174.0784 3370.1196 10302.051 6239.637 7708.415 0.0583427435792827
epochs :190 3643.1807 3154.8706 3348.1309 11705.19 6047.0884 7907.043 0.058227121474267396
epochs :191 4008.9924 2783.4463 3358.1445 11078.652 6502.64 7763.7456 0.05811104461399261
epochs :192 3698.0168 3041.1174 3334.9253 8893.942 6200.076 7274.745 0.05799451527108445
epochs :193 3464.7817 3116.5718 3248.671 8298.017 5848.7783 6698.631 0.05787753572702801
epochs :194 3331.9375 3057.3254 3182.3843 7680.005 5590.323 6356.4897 0.057760108272122725
epochs :195 3283.2012 2994.871 3143.2363 7341.864 5423.508 6002.451 0.05764223520543749
epochs :196 3294.2341 3060.9695 3178.4639 8624.959 5551.777 6733.2046 0.057523918834765694
epochs :197 3300.952 3027.7634 3141.7788 6479.4976 5395.7153 5932.1636 0.05740516147657997
epochs :198 3228.8406 2972.2634 3088.548 6553.314 4825.21 5612.3525 0.05728596545598694
epochs :199 3457.9575 2970.0144 3119.0583 6363.0063 4917.953 5573.5454 0.05716633310668158
epochs :200 3202.0964 2947.3213 3068.5452 6237.1084 4768.827 5523.3486 0.05704626677090162
epochs :201 3175.5593 2949.2388 3065.971 6334.9194 4897.249 5416.0566 0.05692576879938164
epochs :202 3295.0908 2937.922 3085.0 5722.3145 4495.571 5223.9062 0.05680484155130707
epochs :203 3185.3645 2935.3853 3055.4749 6805.7393 4690.566 5349.958 0.056683487394267956
epochs :204 3161.6252 2867.3054 3035.7927 6188.298 4512.754 5252.039 0.05656170870421268
epochs :205 3226.0056 2914.2441 3035.4124 6830.391 4570.17 5298.9707 0.05643950786540137
epochs :206 3311.3682 2956.8293 3109.4878 7149.436 4982.2017 6111.6997 0.05631688727035924
epochs :207 3397.7344 2941.7166 3103.853 7913.7754 4833.2163 6113.9136 0.056193849319829785
epochs :208 3302.9658 2854.8872 3080.3752 7007.7114 4597.5234 5699.1797 0.05607039642272775
epochs :209 3085.1313 2893.1511 2983.0444 5513.137 4468.649 4916.665 0.055946530996091946
epochs :210 3170.802 2896.3823 3014.812 7063.65 4392.677 5621.0264 0.05582225546503794
epochs :211 3301.1982 2723.322 3055.602 6536.572 4664.2534 5382.651 0.05569757226271062
epochs :212 3286.2156 2844.073 3006.3054 5730.502 3871.9507 4965.1606 0.05557248383023649
epochs :213 3285.3364 2867.1133 3041.0146 6548.9067 4584.881 5312.3467 0.055446992616675905
epochs :214 3139.8145 2827.0547 2955.8284 6413.5737 4225.8516 4803.657 0.05532110107897515
epochs :215 3065.244 2824.8684 2941.3374 5222.85 4246.883 4701.365 0.055194811681918275
epochs :216 3115.9355 2801.6697 2958.486 5191.5396 4087.5923 4463.2085 0.0550681268980789
epochs :217 3130.5183 2795.2842 2950.6145 6887.4243 4126.5864 4891.208 0.05494104920777175
epochs :218 3168.0178 2864.3372 2977.6292 6098.515 4047.233 5077.8335 0.054813581099004145
epochs :219 3167.8572 2858.6729 3009.225 6031.2915 4057.2441 5162.673 0.05468572506742725
epochs :220 3173.2449 2883.665 3026.0955 7386.38 4462.429 5528.548 0.05455748361628724
epochs :221 3027.5178 2839.64 2924.2107 5547.947 4133.7637 4706.637 0.054428859256376264
epochs :222 3113.2166 2831.5322 2933.05 5072.5825 4098.486 4566.7666 0.054299854505983305
epochs :223 3059.423 2760.5703 2892.7947 5089.737 3682.8923 4255.4556 0.05417047189084487
epochs :224 3132.109 2767.906 2917.7954 5388.895 3738.004 4498.116 0.05404071394409556
epochs :225 2960.7222 2735.084 2872.388 4675.489 3629.7222 4148.014 0.053910583206218436
epochs :226 3106.406 2782.3782 2937.7004 6393.3193 3682.2803 4807.526 0.053780082224995286
epochs :227 3016.0608 2749.139 2894.9128 4719.635 3540.046 4253.7427 0.05364921355545679
epochs :228 3002.5103 2703.5898 2858.1384 4712.5786 3491.9185 4051.339 0.05351797975983244
epochs :229 3033.294 2749.4424 2867.3384 5225.169 3667.5374 4213.0015 0.05338638340750039
epochs :230 3085.5173 2785.4224 2919.743 5431.563 3742.7683 4666.6943 0.053254427074937195
epochs :231 3279.065 2821.0303 3004.7283 6627.5825 4427.5127 5349.3975 0.05312211334566729
epochs :232 3051.1628 2693.0159 2870.299 4879.3286 3099.4114 4247.7295 0.05298944481021248
epochs :233 3027.5122 2632.9663 2865.5886 6909.379 3644.1191 4416.065 0.05285642406604115
epochs :234 3137.7612 2805.1345 2924.8462 5692.813 4384.5767 5110.4272 0.05272305371751748
epochs :235 3912.956 2960.8389 3368.9854 13529.579 5831.252 9179.17 0.052589336375850435
epochs :236 3261.8752 2814.5508 2986.1953 6669.8755 4296.6323 5145.3706 0.052455274659042594
epochs :237 3043.8396 2730.7085 2896.7683 4795.29 3816.0747 4310.7974 0.05232087119183897
epochs :238 2934.5444 2726.9365 2844.5837 4646.066 3337.349 3903.6843 0.05218612860567556
epochs :239 3067.9927 2707.2358 2849.7861 6893.339 3521.8613 4055.152 0.052051049538627825
epochs :240 3120.6292 2797.8843 2952.3953 6393.8433 4427.4155 5282.6504 0.051915636635359114
epochs :241 2989.4006 2755.412 2861.4087 4938.6304 3591.3232 4327.0337 0.05177989254706878
epochs :242 3087.2043 2724.6921 2880.9644 5439.2515 3751.9563 4395.3247 0.05164381993144037
epochs :243 2988.978 2707.2222 2857.7034 4855.5117 3551.793 4237.6167 0.05150742145258952
epochs :244 3105.041 2701.8643 2859.172 5195.283 3555.9417 4116.3535 0.05137069978101181
epochs :245 2945.1885 2669.717 2817.8198 4648.236 3369.037 3930.1316 0.05123365759353053
epochs :246 2915.0737 2700.6018 2792.736 4675.181 3435.3284 3727.3086 0.0510962975732442
epochs :247 3153.126 2721.9443 2901.6804 6238.754 3572.549 4622.185 0.050958622409474096
epochs :248 2967.98 2665.4402 2805.8064 4685.024 3305.1826 3808.1953 0.05082063479771154
epochs :249 2908.1367 2694.5664 2800.9807 4389.2046 3325.5588 3864.9753 0.05068233743956519
epochs :250 2901.0889 2627.5374 2777.272 4099.6914 3271.945 3684.8735 0.05054373304270811
epochs :251 2985.8247 2677.8748 2819.2976 4427.809 3207.762 3712.572 0.05040482432082474
epochs :252 2888.2043 2621.2454 2777.7468 4355.497 3083.85 3723.9595 0.050265613993557806
epochs :253 2926.9749 2675.0576 2802.631 4716.224 3466.349 3990.5356 0.05012610478645506
epochs :254 3006.8582 2701.9512 2844.7712 4739.042 3519.528 4045.6594 0.04998629943091589
epochs :255 2895.4844 2569.8574 2754.061 4131.2456 3039.9053 3600.8728 0.04984620066413788
epochs :256 2933.061 2663.6616 2765.2185 4595.7812 3046.973 3748.578 0.04970581122906321
epochs :257 2937.8428 2680.139 2774.3528 4352.344 3241.592 3670.026 0.04956513387432493
epochs :258 2995.871 2572.8533 2801.5015 5037.552 3158.8096 3785.3208 0.04942417135419318
epochs :259 2983.7312 2667.5999 2780.4548 4897.9663 3165.4978 3683.0867 0.04928292642852123
epochs :260 3085.6753 2674.1355 2884.6965 6489.7383 3483.7646 4727.1577 0.049141401862691496
epochs :261 2931.5378 2615.2107 2765.9297 4128.988 3243.9707 3620.9119 0.04899960042756132
epochs :262 2842.3516 2634.811 2739.3345 4190.506 3143.3127 3548.5305 0.04885752489940881
epochs :263 2940.3223 2629.6636 2765.2622 4331.6084 3130.2634 3667.7124 0.04871517805987843
epochs :264 2917.9988 2672.794 2776.2063 4468.233 3276.1597 3751.7195 0.048572562695926524
epochs :265 2877.8877 2576.1619 2725.3337 4162.093 2918.3354 3430.435 0.0484296815997668
epochs :266 2822.5598 2566.9067 2680.2742 3363.0718 2783.3608 3056.9514 0.04828653756881563
epochs :267 2896.0237 2564.175 2726.0327 4012.2168 2558.5288 3297.4377 0.04814313340563729
epochs :268 2858.9412 2583.318 2721.8425 3622.2197 2877.207 3267.483 0.04799947191788911
epochs :269 2927.8738 2543.8545 2732.0623 4968.1475 2783.2786 3644.7285 0.047855555918266436
epochs :270 2905.1348 2594.5137 2702.3826 3746.6267 2742.383 3146.7942 0.04771138822444766
epochs :271 2913.1016 2598.7766 2717.6953 3553.642 2642.3914 3133.097 0.04756697165903896
epochs :272 2887.7107 2589.6064 2728.7136 3893.8513 3029.5786 3498.6262 0.04742230904951913
epochs :273 2885.755 2563.7969 2714.9775 4015.777 2855.0254 3369.746 0.0472774032281841
epochs :274 2968.565 2632.5376 2745.5132 4026.0984 2943.1743 3501.2476 0.04713225703209162
epochs :275 2850.5662 2593.6929 2702.1248 3794.0671 2832.0413 3261.542 0.04698687330300561
epochs :276 2761.7952 2547.6282 2679.539 3903.3772 2576.6519 3224.3442 0.04684125488734059
epochs :277 2798.023 2495.8328 2665.301 3478.5286 2643.5952 2927.8408 0.04669540463610589
epochs :278 2784.1328 2442.1235 2657.8623 3733.5427 2624.6323 2989.4666 0.04654932540484989
epochs :279 2937.4258 2550.6465 2684.9438 3882.1392 2589.472 3050.4102 0.04640302005360406
epochs :280 2833.8982 2622.1702 2723.7952 4686.7754 2925.651 3576.3867 0.046256491446827024
epochs :281 2851.6873 2653.9927 2722.0098 4425.756 3024.0354 3437.6775 0.04610974245334841
epochs :282 2923.7915 2573.868 2711.2117 3588.2297 2583.8123 3073.5186 0.04596277594631273
epochs :283 2752.966 2539.2874 2652.5466 3460.1729 2525.3005 2908.138 0.04581559480312311
epochs :284 2805.7168 2354.091 2647.608 3207.4373 1955.9314 2722.0803 0.04566820190538498
epochs :285 2794.9604 2480.4014 2659.181 3453.0908 2521.6099 2921.7832 0.04552060013884962
epochs :286 2757.165 2493.0261 2627.4866 3260.0374 2340.9844 2693.4653 0.04537279239335766
epochs :287 2776.6133 2495.239 2611.8281 3098.5898 2360.6074 2627.1475 0.045224781562782514
epochs :288 2759.3389 2489.0264 2611.5967 3068.5793 2284.9048 2594.1465 0.045076570544973764
epochs :289 2806.8308 2531.5132 2645.5222 3615.6738 2253.95 2798.7446 0.04492816224170034
epochs :290 2793.5876 2514.6462 2633.515 3554.001 2318.1465 2638.0486 0.044779559558593786
epochs :291 2777.791 2539.021 2654.0022 3625.629 2465.796 2936.2366 0.04463076540509131
epochs :292 2785.8884 2514.6433 2638.5398 3487.9849 2322.7104 2821.2422 0.04448178269437887
epochs :293 2784.5217 2501.484 2640.085 3481.8213 2265.3528 2898.8772 0.0443326143433341
epochs :294 2839.6719 2536.95 2714.7415 5117.5566 2768.359 3423.7612 0.04418326327246922
epochs :295 2773.9658 2526.5251 2644.5078 3464.9248 2377.5398 2872.1082 0.04403373240587386
epochs :296 2728.6748 2484.4824 2602.4487 3004.871 2185.8362 2555.8223 0.04388402467115781
epochs :297 2738.6553 2517.8528 2612.1592 3017.6946 2278.769 2632.3835 0.04373414299939369
epochs :298 2755.8545 2499.971 2611.837 2772.5894 2060.5378 2489.7837 0.04358409032505954
epochs :299 2896.13 2502.775 2634.5261 3385.6055 2226.107 2735.0276 0.04343386958598145
epochs :300 2772.392 2513.5447 2652.3376 4083.1538 2438.2112 3112.9595 0.04328348372327596
epochs :301 2814.5916 2509.3894 2629.4653 3722.3503 2307.2598 2834.3718 0.0431329356812925
epochs :302 2768.8625 2503.0173 2628.187 3113.3352 2234.2222 2600.653 0.04298222840755576
epochs :303 2668.8958 2513.1243 2598.9146 2934.1582 2133.3718 2494.0686 0.04283136485270794
epochs :304 2697.943 2444.4165 2605.025 3253.5872 2203.3113 2614.136 0.042680347970451074
epochs :305 2729.653 2464.4895 2586.336 2960.2732 2112.1836 2484.7295 0.04252918071748907
epochs :306 2772.7378 2478.5344 2647.1592 3764.2966 2205.43 3022.2935 0.04237786605346992
epochs :307 2718.4014 2476.2473 2613.0098 3008.849 2229.464 2613.3367 0.04222640694092773
epochs :308 2720.0574 2450.909 2597.8418 3065.4353 2130.8774 2493.741 0.042074806345224695
epochs :309 2717.519 2473.6191 2597.1626 2826.4207 2163.186 2488.2075 0.04192306723449305
epochs :310 3137.7341 2440.4512 2607.3804 2961.7947 2213.3972 2522.0457 0.041771192579576996
epochs :311 2891.8105 2514.963 2604.943 2869.207 1348.3478 2459.1897 0.04161918535397448
epochs :312 2885.182 2498.1357 2653.0012 3491.043 2220.3044 2788.9233 0.04146704853377898
epochs :313 2661.5034 2441.4307 2565.9807 2595.0881 1955.5793 2265.7922 0.041314785097621314
epochs :314 2780.9836 2459.6755 2576.4956 2862.63 1937.7693 2347.8794 0.041162398026611216
epochs :315 2698.2239 2432.6584 2573.6501 2596.8752 1921.4897 2279.681 0.04100989030427907
epochs :316 2674.3525 2443.2017 2567.476 2658.5618 1884.9464 2244.788 0.04085726491651739
epochs :317 2653.7454 2459.7737 2552.9844 2967.677 1926.203 2342.4102 0.04070452485152247
epochs :318 2749.3196 2434.048 2557.2551 2659.127 1835.8081 2211.2417 0.04055167309973579
epochs :319 2713.3875 2426.457 2552.9905 2615.0571 2038.5151 2262.835 0.040398712653785536
epochs :320 2644.5525 2387.7395 2547.3704 2459.9595 1845.9418 2120.1797 0.040245646508427955
epochs :321 2638.1135 2427.8774 2536.78 2518.4158 1871.794 2155.977 0.04009247766048875
epochs :322 2643.1123 2453.575 2541.6 2466.75 1877.5751 2128.214 0.0399392091088044
epochs :323 2650.3381 2456.1045 2547.724 2836.1304 1775.2832 2162.2383 0.03978584385416345
epochs :324 2632.8477 2437.043 2542.8308 2461.8564 1814.1497 2118.1 0.039632384899247745
epochs :325 2722.35 2430.2207 2545.0154 2350.3167 1804.006 2049.3467 0.039478835248573665
epochs :326 2662.3867 2413.0774 2527.9004 2282.8945 1782.221 2010.8092 0.03932519790843329
epochs :327 2640.8052 2429.0383 2536.4497 2551.423 1830.4031 2075.3818 0.039171475886835554
epochs :328 2728.0222 2399.731 2559.1536 2957.7185 1959.8778 2288.52 0.03901767219344728
epochs :329 2624.184 2461.635 2537.923 2592.92 1721.3441 2096.9597 0.0388637898395344
epochs :330 2708.2336 2447.3284 2550.905 2644.454 1783.7295 2253.2102 0.038709831837902824
epochs :331 2682.3638 2447.1963 2564.771 2586.6638 2005.8551 2239.97 0.03855580120283959
epochs :332 2694.3655 2410.8657 2539.099 2688.3628 1819.0875 2202.4292 0.0384017009500538
epochs :333 2633.7422 2432.9832 2521.525 2702.0056 1697.148 1985.9895 0.038247534096617575
epochs :334 2643.873 2475.3315 2555.7761 2922.292 1990.9746 2412.0063 0.03809330366090695
epochs :335 2695.255 2462.767 2576.9397 3021.5044 2112.61 2465.1267 0.037939012662542855
epochs :336 2700.899 2406.2844 2531.0342 2465.9475 1724.1807 2043.8842 0.037784664122331946
epochs :337 2642.4966 2385.965 2512.5007 2197.7747 1659.0842 1919.575 0.037630261062207446
epochs :338 2650.7134 2373.1433 2528.5059 2213.2815 1731.6381 1956.3359 0.03747580650517004
epochs :339 2722.8723 2236.5818 2532.1584 3834.9724 1882.113 2180.8862 0.03732130347522861
epochs :340 2750.4946 2440.4604 2600.0928 4110.978 2037.9988 2698.4912 0.03716675499734111
epochs :341 2600.9702 2421.7043 2516.786 2372.4805 1640.8076 1989.8971 0.037012164097355284
epochs :342 2590.4607 2405.3447 2507.8962 2243.9998 1643.5249 1927.317 0.036857533801949435
epochs :343 2599.0676 2386.898 2492.6418 2000.7108 1645.0752 1832.5508 0.03670286713857321
epochs :344 2573.0923 2384.014 2492.6162 2133.553 1581.9089 1815.2252 0.036548167135388235
epochs :345 2614.0383 2395.4575 2502.5308 2300.7932 1616.4651 1951.0427 0.036393436821208935
epochs :346 2648.8904 2361.1807 2508.532 2381.6497 1606.8445 1878.9141 0.036238679225443146
epochs :347 2608.929 2405.7717 2491.8718 2301.5388 1549.7324 1843.692 0.03608389737803287
epochs :348 2579.5261 2408.884 2508.897 2294.4575 1724.6791 1994.2728 0.0359290943093949
epochs :349 2605.0027 2362.8794 2477.9033 2129.2407 1500.6156 1728.925 0.03577427305036153
epochs :350 2592.6917 2397.8967 2477.9312 2027.6526 1588.226 1745.1941 0.035619436632121165
epochs :351 2621.6812 2426.162 2492.4163 2453.423 1579.7955 1809.5615 0.035464588086159064
epochs :352 2607.3464 2421.296 2500.5115 2173.642 1649.098 1887.7611 0.03530973044419787
epochs :353 2619.3135 2370.722 2482.886 2343.9968 1497.785 1765.4357 0.03515486673813834
epochs :354 2569.1292 2389.479 2476.048 1996.1617 1471.8107 1714.1207 0.03499999999999998
epochs :355 2625.5908 2345.7937 2494.0554 2154.3857 1535.9187 1854.8345 0.03484513326186161
epochs :356 2694.3333 2376.0972 2495.3767 2171.736 1421.3174 1799.9032 0.034690269555802095
epochs :357 2606.4143 2377.4731 2500.9133 2063.5283 1624.6086 1827.1656 0.0345354119138409
epochs :358 2618.2004 2363.4565 2496.4268 3226.4097 1497.6835 1973.8976 0.03438056336787879
epochs :359 2595.6223 2403.4658 2497.2544 2256.9167 1618.2126 1911.1877 0.034225726949638435
epochs :360 2629.2866 2390.128 2501.4573 2049.1746 1597.3992 1803.9482 0.03407090569060506
epochs :361 2571.3567 2357.1123 2474.3435 1852.684 1388.8796 1617.3889 0.033916102621967086
epochs :362 2581.9792 2344.9724 2463.7493 1965.4999 1400.338 1656.5776 0.0337613207745568
epochs :363 2651.7703 2408.0203 2477.182 1933.3917 1373.7814 1672.1145 0.033606563178791016
epochs :364 2573.5364 2324.5789 2468.4377 1928.3083 1348.7173 1663.0508 0.0334518328646117
epochs :365 2605.2324 2369.5896 2477.4075 2010.9105 1411.5859 1687.2975 0.03329713286142674
epochs :366 2606.8013 2345.6572 2481.8743 2368.0981 1321.9952 1734.6602 0.0331424661980505
epochs :367 2630.9531 2370.9126 2494.5596 2138.5903 1460.9166 1739.0474 0.03298783590264467
epochs :368 2560.097 2257.6448 2471.6577 2172.5723 1399.49 1735.1705 0.032833245002658835
epochs :369 2593.1172 2176.5251 2466.937 2410.951 1443.311 1746.9877 0.032678696524771345
epochs :370 2728.6934 2389.4265 2542.9248 2860.0496 1564.2065 2022.6458 0.03252419349482991
epochs :371 2591.1077 2330.667 2472.5706 2083.5432 1349.997 1626.4238 0.032369738937792505
epochs :372 2537.4988 2332.3032 2437.8218 1731.7384 1315.3013 1500.3489 0.032215335877668005
epochs :373 2561.8914 2359.0872 2449.5762 1827.6652 1390.3451 1607.4294 0.03206098733745708
epochs :374 2549.3845 2357.6687 2443.9163 1984.5122 1314.9636 1559.9431 0.031906696339092995
epochs :375 2540.2422 2302.6504 2448.6335 2000.3992 1250.8442 1557.9933 0.03175246590338236
epochs :376 2545.4387 2333.2761 2455.6316 2050.7476 1356.5494 1623.1294 0.031598299049946134
epochs :377 2527.8594 2368.2432 2450.5747 1645.333 1267.8246 1433.3375 0.03144419879716034
epochs :378 2595.0232 2351.6438 2442.4268 1931.6682 1280.9568 1505.9536 0.03129016816209712
epochs :379 2574.9812 2356.1797 2445.8018 1924.969 1292.0507 1550.2523 0.031136210160465538
epochs :380 2543.7217 2316.9487 2436.3164 1660.0486 1251.5258 1452.2542 0.03098232780655265
epochs :381 2522.8196 2303.6917 2425.7124 1910.6278 1170.9235 1410.0027 0.03082852411316438
epochs :382 2522.7644 2303.716 2426.9492 1599.0979 1172.9628 1391.166 0.030674802091566644
epochs :383 2563.8108 2332.8835 2432.444 1627.8651 1346.0232 1464.9215 0.03052116475142627
epochs :384 2523.0652 2325.406 2439.9307 1718.9171 1217.7777 1494.1105 0.030367615100752195
epochs :385 2595.964 2307.4114 2444.377 2147.4507 1302.0068 1557.4585 0.030214156145836495
epochs :386 2556.0896 2329.8687 2438.4895 1736.0343 1260.117 1518.8032 0.030060790891195545
epochs :387 2594.1462 2345.465 2450.9065 1934.1793 1214.3945 1537.6373 0.02990752233951119
epochs :388 2557.4343 2335.081 2442.1003 1717.0537 1320.7822 1504.362 0.029754353491571982
epochs :389 2534.6914 2366.4507 2433.077 1729.6005 1174.5887 1419.1102 0.0296012873462144
epochs :390 2528.0554 2312.4304 2439.4963 2137.0894 1179.1847 1507.3458 0.02944832690026415
epochs :391 2561.1719 2317.326 2424.7075 1802.5099 1211.8354 1390.3314 0.029295475148477478
epochs :392 2516.8115 2328.8972 2434.5928 1827.2129 1243.3218 1536.3009 0.029142735083482554
epochs :393 2511.467 2347.1511 2425.582 1664.5577 1096.8441 1416.8574 0.028990109695720877
epochs :394 2675.4187 2326.7168 2425.8848 1920.5419 1251.5698 1485.5897 0.02883760197338872
epochs :395 2545.0354 2276.371 2424.778 1913.1587 1176.7767 1466.5829 0.02868521490237862
epochs :396 2527.3357 2334.1973 2417.5654 1795.9673 1198.2252 1411.9486 0.02853295146622096
epochs :397 2545.1294 2299.9988 2434.8293 1681.7385 1173.2886 1403.2238 0.02838081464602546
epochs :398 2576.9243 2302.3306 2442.977 1835.7101 1098.172 1376.6707 0.02822880742042294
epochs :399 2569.3967 2351.7676 2417.755 1793.0702 1087.7218 1335.7303 0.028076932765506876
epochs :400 2502.9192 2277.44 2418.4883 1737.3778 1134.0245 1445.4478 0.02792519365477525
epochs :401 2558.8557 924.0008 2406.2324 1829.624 388.16977 1490.4851 0.0277735930590722
epochs :402 2803.8337 2409.391 2582.2603 3798.4827 1714.8212 2409.652 0.027622133946530018
epochs :403 2537.7505 2322.356 2437.7437 1849.8542 1268.7152 1526.3323 0.02747081928251087
epochs :404 2520.2358 2334.0327 2407.2268 1515.1008 1184.6554 1296.8993 0.027319652029548877
epochs :405 2527.4927 2288.6655 2398.4688 1400.3134 1037.9655 1214.3965 0.027168635147291995
epochs :406 2508.7632 2344.6714 2406.1724 1909.1967 1092.012 1381.9562 0.02701777159244418
epochs :407 2487.5244 2328.3965 2405.3867 1603.5441 1109.9707 1292.4657 0.026867064318707442
epochs :408 2498.0032 2311.3 2401.564 1619.5227 1088.9564 1299.7145 0.02671651627672397
epochs :409 2530.4915 2287.299 2406.8098 1433.66 1108.0297 1239.853 0.026566130414018483
epochs :410 2488.9094 2312.1765 2391.3428 1517.287 994.82526 1204.9293 0.026415909674940397
epochs :411 2483.5627 2312.475 2399.3774 1459.0171 1042.9908 1198.4401 0.026265857000606258
epochs :412 2465.0547 2301.6453 2400.2188 1549.364 1111.129 1289.1433 0.02611597532884213
epochs :413 2490.0884 2305.5203 2404.2817 1665.3774 1144.1459 1352.3116 0.025966267594126076
epochs :414 2490.2568 2329.517 2411.389 1760.6036 1184.4966 1386.066 0.025816736727530726
epochs :415 2507.1506 2277.6116 2408.802 1690.5898 1128.9167 1390.8143 0.02566738565666584
epochs :416 2490.6086 2324.0408 2408.4033 1482.273 1087.3959 1312.529 0.025518217305621076
epochs :417 2505.6394 2338.9434 2398.669 1497.512 1100.0476 1303.9154 0.025369234594908627
epochs :418 2513.2573 2304.616 2383.2512 1433.4204 1066.0364 1179.4594 0.025220440441406162
epochs :419 2503.5796 2302.9553 2383.4897 1279.7059 942.14526 1100.096 0.025071837758299603
epochs :420 2487.3289 2245.4976 2382.454 1243.08 936.83014 1093.7385 0.024923429455026194
epochs :421 2449.0088 2295.6548 2377.9102 1291.445 948.4316 1091.9503 0.024775218437217434
epochs :422 2459.6362 2280.9524 2374.772 1517.5164 948.4953 1114.5005 0.024627207606642307
epochs :423 2638.6465 2324.1855 2410.9814 1900.3091 1065.4937 1402.2448 0.024479399861150334
epochs :424 2457.3308 2291.3523 2384.9014 1493.8485 1039.0947 1213.4664 0.02433179809461497
epochs :425 2483.5288 2315.6292 2384.1475 1546.886 994.3756 1264.3386 0.024184405196876833
epochs :426 2459.1584 2312.706 2382.6396 1461.7809 1047.4164 1228.3263 0.024037224053687214
epochs :427 2467.3982 2295.3625 2384.3643 1605.2567 1056.206 1215.2728 0.02389025754665154
epochs :428 2490.2092 2238.8545 2385.661 1357.3778 928.0369 1207.1143 0.02374350855317292
epochs :429 2528.1096 2292.4705 2378.601 1438.2194 963.823 1144.2565 0.02359697994639588
epochs :430 2463.697 2317.1404 2387.2395 1608.3353 976.384 1229.2032 0.023450674595150045
epochs :431 2474.5156 2170.1523 2375.774 1322.9017 984.23926 1103.3517 0.023304595363894044
epochs :432 2512.0464 2278.0225 2407.9648 1531.0614 1001.33826 1213.4489 0.023158745112659338
epochs :433 2595.2834 2318.2236 2432.158 2211.88 1025.6543 1477.4309 0.02301312669699432
epochs :434 2884.1 2313.096 2418.8582 9039.908 1001.6791 1517.901 0.02286774296790831
epochs :435 2593.98 2345.6208 2470.9783 2388.6145 1315.5929 1806.5305 0.022722596771815835
epochs :436 2490.0112 2259.276 2388.3606 1614.0507 1042.1616 1284.0312 0.02257769095048081
epochs :437 2469.8557 2257.1716 2367.3196 1288.3724 920.8576 1109.6632 0.02243302834096097
epochs :438 2457.715 2245.1836 2366.5776 1223.0142 901.25323 1073.2828 0.022288611775552282
epochs :439 2481.3699 2292.025 2363.9016 1225.8418 886.7817 1054.2256 0.022144444081733505
epochs :440 2472.19 2252.9841 2376.795 1674.208 939.89746 1257.2163 0.022000528082110837
epochs :441 2457.72 2275.043 2372.7007 1575.2781 922.6668 1138.409 0.02185686659436265
epochs :442 2468.665 2285.5325 2365.458 1609.6372 948.73663 1135.1083 0.021713462431184313
epochs :443 2460.2114 2283.2507 2367.6133 1444.6854 971.8059 1176.2909 0.02157031840023314
epochs :444 2483.903 2284.4973 2360.168 1289.6787 962.48 1106.8546 0.021427437304073416
epochs :445 2460.299 2268.9622 2360.5703 1228.997 857.4377 1056.6469 0.02128482194012151
epochs :446 2465.575 2246.8704 2363.2769 1370.9332 951.27954 1084.1427 0.021142475100591127
epochs :447 2467.091 2251.7764 2358.6711 1155.4269 904.8204 1003.4115 0.021000399572438624
epochs :448 2443.6824 2254.1694 2353.136 1111.3794 870.0832 992.88635 0.020858598137308452
epochs :449 2473.8098 2285.6848 2352.3499 1210.9143 887.96924 1016.38983 0.02071707357147872
epochs :450 2477.8945 2229.1055 2353.8408 1614.6038 875.7321 1127.8169 0.020575828645806774
epochs :451 2437.8008 2257.3838 2361.6042 1618.6001 949.8638 1109.9028 0.020434866125675025
epochs :452 2418.2893 2225.9514 2344.1772 1079.5227 881.6086 972.36804 0.02029418877093674
epochs :453 2460.0908 2262.8604 2360.1958 1277.6592 884.3174 1073.8976 0.020153799335862064
epochs :454 2460.53 2244.778 2354.0112 1347.2384 776.0176 1035.319 0.020013700569084057
epochs :455 2447.3635 2234.568 2360.0283 1388.1318 941.4581 1148.2563 0.019873895213544882
epochs :456 2421.974 2265.1711 2363.1497 1468.1864 969.1052 1164.4434 0.019734386006442128
epochs :457 2500.4824 2280.2205 2358.8926 1260.4229 884.7281 1039.7051 0.019595175679175198
epochs :458 2468.7842 2173.4382 2342.8923 1134.9346 782.21295 944.9243 0.01945626695729183
epochs :459 2453.1934 2252.4578 2342.6028 1097.9425 840.8103 955.03125 0.01931766256043474
epochs :460 2486.5007 2243.6152 2338.2214 1034.0613 831.6524 931.86865 0.019179365202288395
epochs :461 2418.0256 2244.933 2338.3784 1077.4055 816.49445 927.4782 0.019041377590525845
epochs :462 2432.155 2271.3235 2339.9126 1189.0745 854.6125 953.9855 0.018903702426755733
epochs :463 2433.6035 2223.3418 2351.6702 1230.8768 819.5645 1034.026 0.018766342406469412
epochs :464 2439.1167 2259.3538 2349.9326 1198.4835 850.564 1007.4837 0.018629300218988128
epochs :465 2418.3132 2255.3213 2347.0667 1255.749 816.77374 999.38477 0.018492578547410425
epochs :466 2461.9136 2197.854 2336.4553 1033.1012 749.28827 906.4669 0.018356180068559567
epochs :467 2461.8933 2210.9707 2355.475 1370.848 758.7258 1073.2924 0.018220107452931157
epochs :468 2429.6963 2211.585 2339.414 1163.3839 815.06537 919.6439 0.01808436336464083
epochs :469 2988.9053 2237.9346 2367.9092 1091.6815 522.59656 953.60657 0.01794895046137212
epochs :470 2489.8435 2292.5981 2396.0288 1489.431 1001.1472 1266.2345 0.01781387139432438
epochs :471 2457.241 2248.025 2350.0007 1636.6248 831.1425 1076.9751 0.017679128808160978
epochs :472 2468.1663 2220.6711 2328.2798 978.8285 793.9478 893.65533 0.017544725340957336
epochs :473 2420.3984 2222.25 2324.2263 995.0406 771.2614 878.73145 0.017410663624149513
epochs :474 2431.2495 2233.693 2320.4436 961.7086 767.2309 859.3739 0.017276946282482452
epochs :475 2441.3093 2252.895 2327.9878 1087.8549 779.7032 876.18195 0.0171435759339588
epochs :476 2421.4138 2196.0735 2332.2544 1065.1744 787.9382 939.795 0.017010555189787457
epochs :477 2416.252 2249.8845 2324.1104 981.3833 811.40027 894.2646 0.016877886654332645
epochs :478 2417.2708 2219.0046 2322.432 995.9585 807.448 884.32025 0.016745572925062728
epochs :479 2436.6416 2257.4407 2319.0708 966.40027 773.37195 861.9661 0.01661361659249954
epochs :480 2387.0605 2223.3413 2318.7368 1033.0775 774.0809 883.5011 0.01648202024016749
epochs :481 2425.667 2218.8298 2325.567 962.7733 812.5404 883.13104 0.016350786444543138
epochs :482 2436.4377 2197.4065 2324.696 1283.6125 768.0756 891.13684 0.016219917775004637
epochs :483 2487.347 2249.1914 2334.745 1423.7792 818.5181 1046.2623 0.01608941679378149
epochs :484 2471.601 2261.576 2325.2412 1120.4495 818.02264 936.5922 0.01595928605590437
epochs :485 2412.9648 2246.1543 2322.9692 970.97906 768.6039 867.0309 0.01582952810915505
epochs :486 2437.1787 2242.5876 2317.0786 1212.3922 747.8522 931.15576 0.015700145494016635
epochs :487 2423.9182 2237.9192 2324.06 1066.0427 787.0966 919.7211 0.015571140743623663
epochs :488 2417.382 2230.0852 2316.0442 968.4866 751.72675 853.8023 0.015442516383712697
epochs :489 2398.6636 2209.7966 2316.9158 1010.0107 677.0664 849.3631 0.015314274932572671
epochs :490 2415.5076 2247.1353 2311.7656 936.87415 744.3799 841.084 0.015186418900995776
epochs :491 2404.2668 2258.6384 2317.3235 1013.1527 765.35724 864.9911 0.015058950792228172
epochs :492 2508.1284 2232.277 2329.9714 1599.6539 844.1175 994.4595 0.014931873101921024
epochs :493 2446.803 2247.099 2323.6274 1201.3416 775.33997 927.48004 0.01480518831808164
epochs :494 2445.531 2245.5908 2312.991 946.33203 758.5606 833.8882 0.014678898921024768
epochs :495 2371.7703 2185.7852 2311.7356 949.6347 737.888 835.99274 0.014553007383324011
epochs :496 2416.3635 2237.005 2313.7332 965.3324 760.5251 851.38043 0.014427516169763436
epochs :497 2418.6008 2217.418 2311.084 1099.8405 742.0831 849.76117 0.014302427737289304
epochs :498 2403.4026 2206.8071 2307.672 985.9089 712.8669 819.11536 0.014177744534961987
epochs :499 2455.4321 2230.6055 2316.1462 968.01953 708.4278 832.3621 0.014053469003907986
epochs :500 2382.197 2167.5127 2308.4666 1057.0228 701.2614 850.5615 0.013929603577272178
epochs :501 2400.8154 2237.0962 2309.3254 963.66516 677.0438 809.6582 0.013806150680170142
epochs :502 2498.2898 2220.654 2312.5886 976.9292 734.9672 819.602 0.013683112729640696
epochs :503 2401.3467 2069.5142 2308.0637 965.4025 712.32367 834.8888 0.01356049213459857
epochs :504 2611.3 2216.69 2313.2312 951.619 715.5893 812.38226 0.013438291295787254
epochs :505 2444.115 2216.073 2312.827 962.97174 671.102 827.21045 0.013316512605731972
epochs :506 2468.9973 2224.19 2314.8113 973.4499 620.9642 829.24945 0.013195158448692864
epochs :507 2418.2932 2242.4949 2325.7578 1081.5308 445.7241 895.86224 0.013074231200618291
epochs :508 2488.9973 2232.3752 2369.8796 1625.9369 860.7881 1103.7968 0.012953733229098313
epochs :509 2398.2622 2242.6716 2307.956 986.7218 693.2954 826.5896 0.012833666893318356
epochs :510 2388.6316 2245.6394 2300.1987 886.9058 684.49774 800.96893 0.012714034544012999
epochs :511 2370.8186 2220.9167 2292.8599 892.7498 697.57605 778.9079 0.012594838523419962
epochs :512 2389.7158 2192.045 2299.7383 971.91254 690.2428 806.1627 0.012476081165234236
epochs :513 2417.7644 2220.5886 2297.0522 873.5228 697.52014 774.6901 0.012357764794562444
epochs :514 2392.9675 2206.0046 2293.3176 831.1452 679.8398 759.20685 0.012239891727877199
epochs :515 2394.07 2220.5046 2290.054 848.62805 668.20245 745.3542 0.012122464272971924
epochs :516 2380.5894 2223.0725 2291.1973 872.2127 645.0206 746.53723 0.012005484728915475
epochs :517 2418.4497 2214.7734 2289.4368 824.49695 680.5773 742.32794 0.011888955386007325
epochs :518 2405.555 2203.0107 2291.9932 966.2175 670.64325 791.9243 0.011772878525732524
epochs :519 2388.9949 2228.676 2298.0752 951.39526 694.36646 787.9884 0.011657256420717228
epochs :520 2357.5073 2207.5593 2289.9492 892.1123 698.92596 772.30347 0.011542091334684017
epochs :521 2406.2087 2213.0935 2289.416 843.8609 663.58325 760.33923 0.011427385522407756
epochs :522 2364.7742 2212.5354 2289.921 942.3907 699.53925 774.55115 0.01131314122967126
epochs :523 2418.6658 2212.6765 2286.9375 877.4278 667.6487 745.4018 0.011199360693221508
epochs :524 2356.5928 2210.4292 2287.049 835.52936 661.16956 735.72797 0.011086046140725725
epochs :525 2436.6643 2155.79 2283.7349 858.059 642.90936 747.43475 0.010973199790727809
epochs :526 2368.1348 2221.0059 2285.9133 909.5055 658.4719 723.83875 0.010860823852604898
epochs :527 2362.021 2181.017 2281.9211 811.33215 640.07526 734.25134 0.010748920526524115
epochs :528 2380.7893 2232.071 2287.556 829.81226 653.5672 736.8536 0.010637492003399472
epochs :529 2415.4177 2163.3792 2285.5396 787.5318 657.13586 720.979 0.010526540464849004
epochs :530 2405.936 2213.0989 2281.964 807.8464 672.7294 720.54 0.010416068083152031
epochs :531 2358.5078 2196.1853 2279.2344 806.4233 640.3923 714.53796 0.010306077021206643
epochs :532 2357.3567 2196.6096 2281.9717 788.7393 648.15454 727.2294 0.010196569432487338
epochs :533 2394.6763 2211.1726 2280.1052 913.76776 619.4258 721.14526 0.010087547461002882
epochs :534 2351.9668 2207.449 2277.3171 812.8007 654.43646 722.6225 0.009979013241254314
epochs :535 2368.5046 2154.8591 2280.6213 800.3433 620.254 714.6402 0.00987096889819316
epochs :536 2371.2012 2204.589 2283.2068 811.6852 644.0288 716.8693 0.009763416547179835
epochs :537 2347.5925 2187.9255 2287.8296 802.2213 637.0081 719.6064 0.009656358293942215
epochs :538 2352.9976 2182.0674 2277.5815 823.5472 643.6831 721.17645 0.00954979623453443
epochs :539 2385.8416 2190.3416 2279.2178 839.26056 620.6587 725.58167 0.009443732455295801
epochs :540 2377.7422 2168.82 2276.0884 856.2655 611.8639 709.83154 0.009338169032810017
epochs :541 2359.643 2199.4375 2276.4182 819.93744 643.4872 716.6189 0.009233108033864451
epochs :542 2519.4824 2193.1987 2285.3752 862.30927 645.469 732.50793 0.00912855151540973
epochs :543 2409.4683 2221.4026 2285.0583 777.7895 609.81647 706.69525 0.009024501524519418
epochs :544 2408.1492 2101.682 2276.5532 1089.6953 645.8069 799.89703 0.008920960098350004
epochs :545 2357.5667 2042.4216 2272.8652 968.679 635.7472 754.8139 0.00881792926410091
epochs :546 2404.054 1748.4694 2263.5908 1118.8586 651.8123 732.674 0.008715411038974951
epochs :547 2558.0432 2179.0217 2288.5483 822.6569 426.22787 711.47833 0.008613407430138664
epochs :548 2416.1104 2204.9834 2304.6099 904.5125 676.3834 755.1866 0.008511920434683198
epochs :549 2333.0554 2197.4766 2271.7239 777.6054 607.0244 691.5434 0.00841095203958502
epochs :550 2367.602 2198.017 2267.6155 758.16425 600.0013 677.3968 0.008310504221667214
epochs :551 2353.9158 2158.7688 2265.1309 757.05615 614.1881 673.2097 0.008210578947560575
epochs :552 2355.214 2195.1177 2263.693 736.5131 588.96106 658.57416 0.008111178173665298
epochs :553 2336.7893 2209.3748 2263.4932 722.61597 596.3353 659.5513 0.008012303846112498
epochs :554 2392.288 2180.4749 2266.6978 750.2136 595.8462 680.26855 0.007913957900726257
epochs :555 2349.7656 2168.751 2263.0874 721.86945 570.81805 660.011 0.007816142262985623
epochs :556 2358.6704 2172.5664 2263.103 739.58966 568.6684 654.87775 0.007718858847986952
epochs :557 2338.912 2183.6138 2261.4956 712.63184 553.24927 647.2095 0.00762210956040641
epochs :558 2366.5076 2149.432 2260.8933 789.20636 593.95667 660.5245 0.007525896294462676
epochs :559 2385.8806 2184.5515 2261.867 783.74664 577.3502 654.6117 0.007430220933879859
epochs :560 2335.9502 2180.11 2261.2488 745.0483 588.5466 651.5425 0.0073350853518506145
epochs :561 2331.307 2196.8289 2260.0632 724.3367 580.4332 658.2352 0.007240491410999482
epochs :562 2333.148 2165.3882 2260.235 716.2229 603.92786 655.2405 0.007146440963346397
epochs :563 2357.7642 2157.746 2259.8545 743.9206 579.6313 653.8173 0.007052935850270446
epochs :564 2353.199 2146.8877 2259.4934 721.5287 596.4964 659.20404 0.006959977902473813
epochs :565 2355.553 2187.8938 2262.2498 736.342 613.1081 660.7003 0.006867568939945932
epochs :566 2359.393 2136.554 2258.298 802.123 600.37604 663.1304 0.00677571077192786
epochs :567 2328.8557 2147.6333 2255.994 733.2958 561.4349 644.1958 0.006684405196876841
epochs :568 2355.3867 2141.1975 2259.614 743.07513 559.8091 642.45795 0.0065936540024311135
epochs :569 2356.309 2178.8708 2258.935 722.1778 567.8319 637.5705 0.006503458965374905
epochs :570 2351.6558 2149.7483 2256.807 723.7141 540.07043 631.8576 0.006413821851603633
epochs :571 2346.4294 2161.327 2252.0286 707.3304 586.1595 631.85315 0.006324744416089344
epochs :572 2340.4473 2174.992 2255.0632 717.6218 557.79944 637.78815 0.006236228402846355
epochs :573 2336.8271 2150.4324 2252.788 722.2545 564.3705 644.1926 0.006148275544897099
epochs :574 2371.8386 2165.4575 2254.6516 732.1224 563.1911 633.36066 0.006060887564238196
epochs :575 2342.1382 2172.6226 2252.0466 724.2569 553.7889 634.0787 0.005974066171806747
epochs :576 2388.885 2166.2075 2258.8774 706.42725 543.01373 625.6166 0.005887813067446818
epochs :577 2336.8215 2169.6824 2250.8086 708.70306 558.5217 623.5326 0.005802129939876211
epochs :578 2342.2878 2181.655 2253.67 707.70416 561.28394 629.66754 0.0057170184666532915
epochs :579 2404.8901 2171.5906 2256.4954 888.8423 574.29266 647.3717 0.0056324803141443005
epochs :580 2330.5928 2175.8416 2251.606 734.8305 583.11804 643.7151 0.005548517137490561
epochs :581 2339.289 2173.3735 2252.7803 710.6948 554.74963 625.1557 0.00546513058057623
epochs :582 2330.0627 2174.876 2252.354 695.15704 554.0827 619.5076 0.005382322275995967
epochs :583 2312.179 2189.3657 2252.884 725.7276 552.75775 631.0527 0.005300093845023119
epochs :584 2318.047 2167.4817 2250.1575 700.7486 565.34424 628.3159 0.005218446897577822
epochs :585 2425.0327 2175.1746 2255.751 702.9635 553.3812 621.83356 0.005137383032195633
epochs :586 2339.948 2173.6533 2249.913 694.6623 542.43646 619.61237 0.005056903835996095
epochs :587 2416.1116 2174.5063 2255.2146 691.6672 560.97986 623.7049 0.00497701088465178
epochs :588 2298.8914 2155.9453 2248.737 684.7929 573.29846 620.79095 0.004897705742357364
epochs :589 2382.3901 2174.441 2257.2036 712.88544 557.4437 635.3382 0.004818989961799023
epochs :590 2461.7205 2169.9067 2270.191 844.43896 562.4198 680.6751 0.004740865084124051
epochs :591 2372.0996 2164.418 2266.3215 838.1381 582.23505 684.8776 0.004663332638910652
epochs :592 2360.3594 2168.5137 2249.1274 702.0691 556.75726 617.8249 0.004586394144138044
epochs :593 2315.5059 2152.3733 2245.4695 738.39636 529.62463 608.12427 0.004510051106156657
epochs :594 2302.3848 2172.6794 2244.4958 659.4217 545.6815 601.56476 0.004434305019658759
epochs :595 2345.7937 2139.251 2243.327 653.2661 546.01086 596.3015 0.004359157367649056
epochs :596 2330.91 2168.2935 2243.2747 656.4442 529.00885 601.5227 0.0042846096214157895
epochs :597 2318.3994 2181.839 2242.218 657.6324 549.76074 603.7162 0.004210663240501809
epochs :598 2354.5754 2182.5344 2241.7988 703.7349 521.254 603.8502 0.004137319672676096
epochs :599 2290.3362 2163.5054 2240.6982 693.567 515.48663 590.89716 0.004064580353905359
epochs :600 2337.5588 2172.6177 2242.105 657.12 548.2564 597.2957 0.003992446708325938
epochs :601 2366.3748 2163.3423 2238.6646 670.49475 532.572 590.114 0.003920920148215919
epochs :602 2305.9192 2161.0461 2238.8267 674.4324 519.95825 587.24963 0.0038500020739674896
epochs :603 2309.2297 2175.45 2238.447 640.38153 530.2764 585.96045 0.0037796938740595116
epochs :604 2330.7617 2123.3726 2238.7148 652.81964 501.28302 580.7834 0.0037099969250303524
epochs :605 2317.602 2176.6794 2237.837 647.26215 519.6623 582.6292 0.0036409125914509052
epochs :606 2331.6785 2192.5034 2237.5854 655.8014 525.52734 583.6044 0.003572442225897906
epochs :607 2328.187 2183.2412 2238.6514 672.1677 523.72705 587.36346 0.0035045871689274332
epochs :608 2305.0366 2135.9976 2237.4321 682.9224 531.8441 590.02277 0.0034373487490486653
epochs :609 2332.9775 2142.0586 2236.2554 696.2628 533.0381 584.4169 0.0033707282826978668
epochs :610 2317.5066 2147.8596 2235.7542 673.9406 516.1669 583.3496 0.0033047270742126173
epochs :611 2353.73 2147.118 2236.034 675.30963 531.12366 586.5939 0.003239346415806282
epochs :612 2321.17 2153.123 2236.3167 638.0353 535.88776 583.5227 0.0031745875875426994
epochs :613 2303.5159 2153.7493 2235.3499 618.7574 511.77277 572.67096 0.003110451857311119
epochs :614 2284.3196 2166.2585 2235.181 649.7081 511.60608 576.83813 0.0030469404808013975
epochs :615 2312.8691 2153.8113 2236.4287 654.19086 514.5302 582.47687 0.0029840547014793857
epochs :616 2296.4824 2140.4392 2233.9885 656.35016 532.7398 580.525 0.0029217957505626056
epochs :617 2313.6055 2146.6914 2235.6768 656.4803 510.3977 579.63654 0.0028601648469961326
epochs :618 2300.6133 2161.4236 2233.8755 680.273 493.48486 580.40186 0.0027991631974287313
epochs :619 2280.6365 2156.7441 2230.7195 651.6625 509.22308 567.64734 0.0027387919961892595
epochs :620 2305.8237 2150.6592 2230.2756 642.61743 499.6537 566.34155 0.0026790524252632104
epochs :621 2302.3442 2157.7214 2232.3416 619.93304 532.72253 572.9637 0.0026199456542696743
epochs :622 2327.552 2146.3022 2231.7139 641.6 508.55988 568.6762 0.002561472840438334
epochs :623 2301.0115 2165.885 2231.2925 640.9979 508.88058 568.1888 0.0025036351285869073
epochs :624 2339.337 2145.565 2231.6396 619.9388 501.18408 569.78906 0.0024464336510986308
epochs :625 2289.4905 2163.0737 2231.149 608.3556 511.85657 565.06036 0.002389869527900202
epochs :626 2294.0542 2166.1602 2229.3896 759.567 507.85275 570.71686 0.0023339438664397374
epochs :627 2300.1584 2174.5498 2229.285 656.71783 503.74567 564.11676 0.0022786577616651926
epochs :628 2316.834 2140.8904 2230.8503 620.0855 515.1381 566.83594 0.0022240122960028373
epochs :629 2344.0007 2177.822 2228.4236 615.02405 503.5537 562.26385 0.0021700085393361384
epochs :630 2309.4045 2140.7031 2229.1729 620.0781 505.83615 563.407 0.0021166475489847614
epochs :631 2316.208 2138.0784 2232.1401 645.07324 513.7651 564.7952 0.002063930369683891
epochs :632 2325.8352 2163.6545 2228.126 631.63354 508.2148 562.3732 0.0020118580335637634
epochs :633 2339.9397 2147.322 2227.6243 626.4986 431.24338 557.0103 0.0019604315601294852
epochs :634 2424.9258 2123.6267 2236.4119 866.08655 507.2781 575.0216 0.0019096519562410406
epochs :635 2559.5154 2133.1912 2246.0127 798.1493 508.09796 611.98694 0.0018595202160935974
epochs :636 2316.0708 2177.2483 2234.5583 675.5906 517.3714 577.32916 0.0018100373211980356
epochs :637 2490.3457 2156.79 2244.5505 642.4473 306.24326 569.71295 0.001761204240361745
epochs :638 2323.2659 2188.838 2256.8953 857.15173 548.7287 638.31757 0.001713021929669626
epochs :639 2307.285 2169.1377 2233.317 664.4735 498.49356 567.24567 0.0016654913324654036
epochs :640 2330.3052 2150.9365 2229.1562 628.8288 511.63293 555.4044 0.0016186133793331399
epochs :641 2282.458 2144.7422 2227.0283 608.7728 480.2219 553.4967 0.0015723889880790193
epochs :642 2317.052 2127.7307 2226.755 607.7319 490.209 551.7897 0.0015268190637133827
epochs :643 2308.5957 2156.065 2225.455 632.51794 500.269 548.9114 0.0014819044984329954
epochs :644 2362.0178 2142.5647 2224.9746 628.95294 469.98547 549.4973 0.0014376461716035965
epochs :645 2307.9717 2144.5908 2224.7434 604.35974 497.6059 549.3947 0.001394044949742673
epochs :646 2300.737 2129.467 2224.9631 638.42725 499.47592 550.5153 0.0013511016865024915
epochs :647 2283.2476 2138.3203 2224.6885 642.3907 480.87375 546.5129 0.0013088172226533956
epochs :648 2317.188 2140.7664 2225.066 625.79175 492.36884 546.213 0.001267192386067335
epochs :649 2303.0442 2126.3064 2223.9832 612.81757 500.68027 547.2063 0.0012262279917016545
epochs :650 2344.29 2116.9722 2223.3643 605.28937 484.4734 544.20905 0.001185924841583153
epochs :651 2308.8984 2147.1233 2223.7185 634.8621 487.19418 546.24304 0.0011462837247923636
epochs :652 2276.208 2170.96 2223.1514 585.41315 487.82324 545.2821 0.0011073054174481213
epochs :653 2277.2632 2147.789 2222.1526 596.6234 488.37454 543.875 0.0010689906826923513
epochs :654 2327.51 2113.7834 2223.0544 624.3312 457.61844 543.39923 0.0010313402706751474
epochs :655 2296.6426 2130.4402 2221.6895 616.9964 496.6527 544.1814 0.0009943549185400526
epochs :656 2291.1306 2139.8906 2222.0347 587.45795 454.6195 542.4029 0.000958035350409658
epochs :657 2358.8218 2144.175 2223.4558 613.48065 507.1337 544.2482 0.0009223822773714242
epochs :658 2289.8328 2147.7695 2221.5718 636.13025 498.07092 540.8087 0.000887396397463743
epochs :659 2291.813 2134.9856 2221.411 618.36896 476.50052 542.16223 0.0008530783956622625
epochs :660 2273.8079 2126.2842 2221.648 593.6779 495.5483 541.61804 0.0008194289438665132
epochs :661 2304.914 2143.6963 2221.8074 624.7737 461.90137 540.00995 0.0007864487008867273
epochs :662 2315.0042 2131.8662 2221.6206 604.6856 491.521 541.76514 0.0007541383124309371
epochs :663 2279.6677 2154.832 2220.0583 599.6949 474.01276 541.9889 0.0007224984110923317
epochs :664 2353.1055 2152.886 2223.1704 608.3866 471.7718 540.6793 0.0006915296163368996
epochs :665 2316.2883 2150.4678 2220.0017 609.4638 474.43723 539.55206 0.0006612325344912701
epochs :666 2306.0286 2151.5154 2221.0293 587.764 464.97336 536.5629 0.0006316077587308584
epochs :667 2343.1611 2160.391 2222.8904 595.819 486.30475 538.202 0.0006026558690682266
epochs :668 2298.503 2172.5898 2219.8586 616.20905 471.39883 537.6926 0.0005743774323417772
epochs :669 2311.0845 2114.1921 2217.0015 649.4986 476.01596 537.01996 0.0005467730022046042
epochs :670 2296.343 2134.3987 2219.7402 609.36395 470.42178 537.00256 0.0005198431191136867
epochs :671 2384.1992 2151.9976 2223.5508 622.6277 487.82385 536.54565 0.0004935883103192847
epochs :672 2303.7766 2155.1028 2221.2563 586.05066 464.0732 534.9717 0.0004680090898546343
epochs :673 2330.5266 2115.572 2222.1982 590.513 487.76596 536.30566 0.0004431059585258792
epochs :674 2312.0325 2135.6023 2219.1445 587.12164 478.973 535.7213 0.00041887940390225554
epochs :675 2304.8057 2137.9993 2218.6821 588.3603 495.58954 535.6545 0.0003953299003065599
epochs :676 2328.666 2131.8794 2216.319 603.7432 488.71744 539.2042 0.00037245790880585075
epochs :677 2298.8801 2152.384 2217.3765 586.1292 493.6147 534.19977 0.0003502638772024255
epochs :678 2315.3862 2141.2666 2219.354 577.97845 491.6383 535.1204 0.0003287482400250544
epochs :679 2309.968 2154.4656 2220.6772 606.2507 460.49402 535.8771 0.0003079114185204898
epochs :680 2308.308 2166.5024 2217.4214 601.0169 478.5344 534.80237 0.0002877538206451744
epochs :681 2273.8533 2150.1177 2216.9841 601.1897 501.0756 535.32294 0.000268275841057302
epochs :682 2285.7798 2124.3042 2215.0044 589.8264 467.8755 532.1842 0.00024947786110906183
epochs :683 2333.6992 2154.943 2215.9106 598.76056 465.78436 533.4416 0.00023136024883918567
epochs :684 2444.7537 2129.9683 2225.5728 645.93524 463.85184 538.71747 0.00021392335896572786
epochs :685 2332.1667 2132.6702 2221.984 636.3152 458.89838 532.0662 0.00019716753287913323
epochs :686 2282.4915 1956.215 2208.7993 596.7934 490.1523 533.29 0.0001810930986355612
epochs :687 2288.681 2141.1057 2218.3186 605.44226 487.14395 534.73016 0.00016570037095043553
epochs :688 2287.9287 2162.978 2217.5996 602.84467 479.08594 533.46185 0.00015098965119230467
epochs :689 2320.8838 2123.1885 2217.4106 581.8828 477.7615 533.0883 0.0001369612273769315
epochs :690 2329.605 2118.9617 2217.2874 603.89276 494.10846 533.2414 0.0001236153741616668
epochs :691 2305.707 2178.3647 2217.1729 581.5302 470.34134 532.85785 0.0001109523528400518
epochs :692 2302.8281 2126.008 2217.2363 614.0641 457.06583 532.41345 9.8972411336724e-05
epochs :693 2280.4705 2165.7812 2216.9824 612.3305 499.51205 532.503 8.767578420254046e-05
epochs :694 2292.7942 2133.7314 2217.2007 597.6484 499.6072 532.2983 7.706269261001203e-05
epochs :695 2286.686 2147.4392 2216.5122 572.46014 482.10364 532.25165 6.713334434894741e-05
epochs :696 2295.2039 2141.6677 2217.1047 565.33435 471.1207 532.24677 5.788793382240027e-05
epochs :697 2302.025 2143.9736 2216.6333 610.0939 486.80502 532.19025 4.932664204285726e-05
epochs :698 2286.351 2155.1792 2216.7222 579.6592 492.8179 532.3335 4.14496366287059e-05
epochs :699 2311.6382 2143.0684 2216.852 605.5492 484.44025 531.81195 3.425707180092382e-05
last test acc: 2517.3828 2292.3247 2416.6238 2028.8644 1142.4215 1443.2561