epochs :0 23.702755 6.1753846e-24 0.06004811 862.25494 0.0 11.3913765 0.07
epochs :1 8.471317e-08 2.6924908e-23 3.8792578e-13 663.7692 0.0 4.5860534 0.06999808092779293
epochs :2 1.82362e-09 4.1155017e-22 5.3438817e-15 675.57935 0.0 3.957624 0.0699923239216196
epochs :3 3.8757296e-11 4.2067477e-25 6.412019e-17 761.5029 0.0 3.6267543 0.06998272961280061
epochs :4 1.3583892e-11 3.2406797e-26 2.516201e-17 903.30225 0.0 3.5223079 0.06996929905346004
epochs :5 4.6060204e-11 6.809777e-27 1.0589722e-16 836.43866 0.0 3.5426865 0.06995203371641008
epochs :6 1.8204573e-10 2.723489e-25 4.018482e-16 770.49066 0.0 3.3397088 0.06993093549498951
epochs :7 1.0136766e-09 1.22584054e-26 4.875735e-15 829.1148 0.0 3.226365 0.06990600670285603
epochs :8 8.773698e-09 2.940784e-26 9.846119e-14 929.4225 0.0 3.1494076 0.06987725007373266
epochs :9 3.6223625e-08 4.9939303e-22 1.2470441e-12 935.53516 0.0 3.049306 0.0698446687611078
epochs :10 2.0003453e-07 1.2400098e-21 2.8609027e-11 834.194 0.0 3.2516663 0.06980826633788957
epochs :11 1.4223873e-05 3.4522376e-20 7.132112e-10 854.0441 0.0 3.4384758 0.06976804679601388
epochs :12 1.2494117e-05 3.601731e-21 2.3584583e-09 776.05804 0.0 2.6931667 0.06972401454600674
epochs :13 0.00037472488 1.1437421e-20 3.1428993e-08 738.4753 0.0 3.3120718 0.06967617441650054
epochs :14 0.005573523 1.0723424e-18 1.7108387e-07 624.7868 0.0 3.6962032 0.06962453165370461
epochs :15 0.0026031688 1.1340968e-20 3.183694e-07 591.32446 0.0 2.9512525 0.06956909192082984
epochs :16 0.008109543 2.8831834e-23 5.1863344e-07 634.5489 0.0 2.852525 0.0695098612974677
epochs :17 0.16768558 2.9463326e-25 2.8115703e-06 708.22656 0.0 3.794442 0.06944684627892347
epochs :18 0.0010367753 5.8879516e-28 1.4980489e-07 694.7218 0.0 2.5316458 0.06938005377550413
epochs :19 0.001851892 5.089186e-28 4.3948464e-07 720.97125 0.0 2.3263154 0.0693094911117603
epochs :20 0.0025294577 1.9172196e-28 4.237321e-07 680.57404 0.0 2.2362664 0.06923516602568322
epochs :21 0.05679679 6.9916595e-29 1.6425743e-06 790.53174 0.0 2.3411834 0.06915708666785618
epochs :22 0.0048782853 4.2585476e-31 3.8765594e-07 652.06836 0.0 2.1483274 0.06907526160056063
epochs :23 0.020558713 9.7532675e-31 1.7271254e-06 718.23145 0.0 2.2807863 0.06898969979683728
epochs :24 0.031926468 6.2962233e-31 9.933564e-07 622.57214 0.0 2.0164225 0.0689004106395021
epochs :25 0.2787852 1.8919116e-31 5.420725e-06 815.2172 0.0 4.3170886 0.0688074039201174
epochs :26 0.05115606 5.3708535e-18 1.4156611e-06 652.7123 0.0 2.8634527 0.06871068983791805
epochs :27 0.019481547 4.1187425e-27 1.0336155e-06 647.987 0.0 2.3830752 0.06861027899869301
epochs :28 0.073982 1.1767021e-30 1.276879e-06 758.32904 0.0 2.1848006 0.06850618241362236
epochs :29 0.5693235 2.2921749e-32 2.708866e-06 716.7809 0.0 2.2682097 0.0683984114980697
epochs :30 0.9463018 1.3211433e-34 2.8947632e-06 791.80084 0.0 2.018438 0.06828697807033039
epochs :31 0.62778896 3.4675043e-37 1.1207354e-06 854.51685 0.0 2.0879452 0.06817189435033552
epochs :32 0.1976466 6.951253e-39 6.66028e-07 790.74036 0.0 1.7259213 0.06805317295831186
epochs :33 0.1715698 1.26541e-40 5.7704676e-07 774.5519 0.0 1.4292247 0.06793082691339791
epochs :34 0.13170667 1.12478e-39 9.0183477e-07 773.814 0.0 1.7494563 0.06780486963221623
epochs :35 1.6991482 1.59604e-40 2.5110094e-06 738.3871 0.0 1.6331946 0.06767531492740209
epochs :36 0.85267097 2.2237e-41 1.0170676e-06 747.8846 0.0 1.4815178 0.06754217700608883
epochs :37 0.6316104 9.7672e-41 6.365654e-07 766.518 0.0 1.5725975 0.06740547046834985
epochs :38 0.23425847 6.126e-42 3.8357453e-07 744.7482 0.0 1.2324355 0.06726521030559755
epochs :39 0.56573874 1.487e-42 5.242273e-07 770.94293 0.0 1.4424766 0.06712141189893937
epochs :40 0.1489901 5.6e-44 4.0194274e-07 781.9166 0.0 1.230376 0.06697409101749106
epochs :41 1.6645311 0.0 1.8024749e-06 698.85406 0.0 1.6395682 0.06682326381664744
epochs :42 0.11121459 0.0 3.427464e-07 770.2066 0.0 1.1025813 0.06666894683631072
epochs :43 0.2723827 0.0 5.7126005e-07 778.804 0.0 1.1652064 0.06651115699907681
epochs :44 0.17739516 0.0 6.7932274e-07 689.9583 0.0 1.2780235 0.06634991160837948
epochs :45 0.19547649 0.0 5.7640926e-07 761.8085 0.0 1.1700183 0.0661852283465929
epochs :46 0.09999276 0.0 5.427082e-07 698.88635 0.0 1.2839926 0.06601712527309254
epochs :47 1.2054683 0.0 1.5601532e-06 789.4662 0.0 1.3187157 0.06584562082227476
epochs :48 0.060721412 0.0 3.1763628e-07 741.40533 0.0 1.0640022 0.06567073380153526
epochs :49 0.66632587 0.0 8.1339414e-07 771.68225 0.0 1.2387037 0.06549248338920667
epochs :50 0.036537614 0.0 2.1029858e-07 761.9249 0.0 1.0901282 0.06531088913245539
epochs :51 0.32373986 0.0 6.753202e-07 826.7109 0.0 1.2852771 0.06512597094513807
epochs :52 0.02357654 0.0 1.1801381e-07 782.7683 0.0 1.0487453 0.06493774910561777
epochs :53 0.078598425 0.0 1.418264e-07 748.59467 0.0 1.1591051 0.06474624425454027
epochs :54 0.017778562 0.0 8.383732e-08 758.73566 0.0 1.0097892 0.06455147739257057
epochs :55 0.041766614 0.0 9.3777025e-08 694.7728 0.0 1.0978158 0.06435346987808989
epochs :56 0.018904611 0.0 1.0490461e-07 784.1441 0.0 1.127765 0.06415224342485353
epochs :57 0.015906017 0.0 6.5908715e-08 795.42737 0.0 1.0112234 0.0639478200996097
epochs :58 0.0148853 0.0 6.40938e-08 777.15015 0.0 1.0707037 0.06374022231967968
epochs :59 0.016739035 0.0 7.240094e-08 759.6028 0.0 1.1604093 0.06352947285049944
epochs :60 0.013498767 0.0 3.7696992e-08 771.3972 0.0 0.9832404 0.06331559480312321
epochs :61 0.21967362 0.0 4.114423e-07 734.1561 0.0 1.6390558 0.06309861163168906
epochs :62 0.6533518 0.0 6.286264e-07 770.31647 0.0 1.1936889 0.06287854713084692
epochs :63 0.04762392 0.0 1.7345297e-07 796.9986 0.0 1.1339071 0.06265542543314921
epochs :64 0.037475247 0.0 2.3284771e-07 863.3636 0.0 1.1058606 0.06242927100640445
epochs :65 0.075989574 0.0 2.8607343e-07 822.08826 0.0 1.1536838 0.06220010865099403
epochs :66 0.044932745 0.0 2.1281167e-07 805.8511 0.0 1.0728323 0.061967963497152674
epochs :67 0.085243635 0.0 2.4507372e-07 858.7956 0.0 1.0831059 0.061732861002212536
epochs :68 0.15071288 0.0 3.3462436e-07 842.6654 0.0 1.1529887 0.061494826947811526
epochs :69 0.04626853 0.0 1.8759857e-07 845.0407 0.0 1.0358925 0.06125388743706613
epochs :70 0.05133787 0.0 1.9388116e-07 779.8908 0.0 1.088756 0.06101006889170885
epochs :71 0.040429756 0.0 1.4062125e-07 791.09125 0.0 1.0358186 0.06076339804919075
epochs :72 0.037335664 0.0 1.4725065e-07 828.1577 0.0 1.1108444 0.060513901959749455
epochs :73 0.0309888 0.0 1.10783894e-07 840.10846 0.0 1.0228392 0.060261607983442725
epochs :74 0.016404519 0.0 7.8123165e-08 749.76074 0.0 1.060973 0.06000654378714817
epochs :75 0.01094762 0.0 5.448989e-08 839.4126 0.0 1.0776364 0.05974873734152921
epochs :76 0.010768368 0.0 4.7682224e-08 809.9477 0.0 1.1086895 0.059488216917967844
epochs :77 0.00509046 0.0 3.217101e-08 847.0128 0.0 0.9707319 0.05922501108546428
epochs :78 0.003979716 0.0 2.780456e-08 737.00006 0.0 1.0273935 0.05895914870750415
epochs :79 0.0018789115 0.0 2.2733108e-08 842.5147 0.0 1.0100728 0.058690658938893164
epochs :80 0.002434813 1e-45 2.305057e-08 810.32983 0.0 0.9909772 0.05841957122256008
epochs :81 0.004911661 3e-45 2.843978e-08 739.0163 0.0 1.0719882 0.05814591528632786
epochs :82 0.001724963 0.0 1.9097168e-08 794.02966 0.0 0.9744451 0.05786972113965374
epochs :83 0.0016899738 0.0 1.611574e-08 807.6154 0.0 0.95884997 0.05759101907033831
epochs :84 0.0024193733 0.0 1.7287126e-08 803.4937 0.0 0.9722505 0.05730983964120418
epochs :85 0.0024321913 2.2e-44 1.5364359e-08 773.5015 0.0 0.9555962 0.05702621368674435
epochs :86 0.0022208444 6.3e-44 1.6828771e-08 792.3983 0.0 1.0344073 0.056740172309740905
epochs :87 0.0017932598 8e-45 1.3031967e-08 735.4358 0.0 0.9824056 0.05645174687785422
epochs :88 0.0044216504 6e-45 1.37889185e-08 814.54114 0.0 0.984478 0.05616096902018316
epochs :89 0.00078179745 0.0 8.516791e-09 800.64923 0.0 0.9330613 0.055867870623796584
epochs :90 0.0037817713 0.0 1.1882087e-08 821.9452 0.0 1.1223874 0.05557248383023659
epochs :91 0.008056554 6.1e-43 9.252135e-09 789.9357 0.0 0.93646353 0.05527484103199378
epochs :92 0.00235901 7.15e-43 1.0843537e-08 824.5131 0.0 0.98262316 0.05497497486895514
epochs :93 0.00076839153 1.5291e-41 6.7209616e-09 803.3993 0.0 0.8971758 0.0546729182248246
epochs :94 0.0016749105 6.488e-42 9.190264e-09 735.16675 0.0 0.97827876 0.05436870422351706
epochs :95 0.0017555424 2.2012e-41 1.2115699e-08 764.92944 0.0 0.9556171 0.05406236622552597
epochs :96 0.0016142951 3.7518e-41 8.9723695e-09 797.8988 0.0 0.93184865 0.0537539378242649
epochs :97 0.0014525177 1.4368e-40 8.936902e-09 716.2398 0.0 0.9714509 0.05344345284238374
epochs :98 0.00096372777 6.8842e-41 6.965306e-09 791.11786 0.0 0.89111227 0.053130945328059585
epochs :99 0.0009936367 3.53801e-40 7.1642363e-09 778.87506 0.0 0.9369379 0.05281644955126302
epochs :100 0.000954391 1.48718e-40 5.912153e-09 764.80316 0.0 0.9210076 0.052500000000000026
epochs :101 0.0008669018 6.6671e-41 6.2404935e-09 764.0849 0.0 0.92370594 0.05218163137652996
epochs :102 0.000877971 6.2921e-41 5.48639e-09 751.8159 0.0 0.9425062 0.05186137859356006
epochs :103 0.0011638186 2.86734e-40 4.80593e-09 767.4536 0.0 0.8678496 0.05153927677041693
epochs :104 0.06318008 1.57e-43 2.2433907e-08 766.1729 0.0 1.3666103 0.0512153612291952
epochs :105 0.00038559097 1.76296e-40 9.079179e-10 778.4831 0.0 0.8417153 0.050889667490884166
epochs :106 0.00068152515 1.59486e-40 2.8854967e-09 778.9485 0.0 0.8583593 0.05056223127147249
epochs :107 0.0006488546 6.035116e-39 5.2812323e-09 764.4958 0.0 0.8987815 0.0502330884780315
epochs :108 0.00044471727 1.7791866e-38 4.655739e-09 778.4516 0.0 0.8885134 0.04990227520477757
epochs :109 0.00047680322 7.63172e-39 4.1104555e-09 764.2993 0.0 0.8839936 0.04956982772911407
epochs :110 0.00047693722 1.3813887e-38 4.138842e-09 724.8917 0.0 0.90610385 0.04923578250765303
epochs :111 0.0012528079 2.982679e-39 4.6186446e-09 773.8197 0.0 0.9340928 0.04890017617221734
epochs :112 0.00032499764 6.154759e-39 2.9693872e-09 762.89185 0.0 0.89450145 0.04856304552582363
epochs :113 0.00079928385 4.199198e-39 3.041765e-09 735.8225 0.0 0.86087483 0.04822442753864638
epochs :114 0.0003355158 2.2031622e-38 2.9929086e-09 756.85785 0.0 0.8711595 0.04788435934396376
epochs :115 0.0003356867 3.720697e-38 2.6970677e-09 743.7013 0.0 0.8866931 0.047542878234085525
epochs :116 0.0003158479 5.749397e-39 2.5234645e-09 742.1233 0.0 0.87476635 0.04720002165626356
epochs :117 0.0009428725 3.8175717e-38 2.9415355e-09 741.6343 0.0 0.91091 0.04685582720858523
epochs :118 0.00037611608 3.261831e-38 2.3862334e-09 748.7728 0.0 0.8809029 0.046510332635850436
epochs :119 0.0003056329 4.5464677e-38 2.0860909e-09 741.4207 0.0 0.85382634 0.04616357582543247
epochs :120 0.00032002106 4.6728214e-38 2.1505115e-09 740.0792 0.0 0.859294 0.04581559480312318
epochs :121 0.0006994906 3.5979787e-38 2.3893558e-09 747.92267 0.0 0.89166015 0.04546642772896305
epochs :122 0.0003461908 6.175952e-38 1.9945376e-09 748.39636 0.0 0.8577331 0.045116112893056524
epochs :123 0.00031934062 2.2157645e-37 2.0924216e-09 731.6723 0.0 0.86066467 0.04476468871137305
epochs :124 0.00047238922 2.5762209e-37 2.3768838e-09 742.888 0.0 0.86036265 0.044412193721534314
epochs :125 0.00028652378 2.8764393e-37 2.1723237e-09 713.91656 0.0 0.8672906 0.04405866657858825
epochs :126 0.00042832378 2.0621703e-37 1.9812956e-09 717.10846 0.0 0.8375756 0.04370414605076993
epochs :127 0.0006169653 7.3167187e-37 2.0557636e-09 702.62146 0.0 0.8618292 0.04334867101525035
epochs :128 0.0007858635 1.0178351e-36 2.155533e-09 713.24884 0.0 0.8492339 0.04299228045387297
epochs :129 0.000765183 2.7019486e-36 1.9944435e-09 718.17883 0.0 0.84250796 0.04263501344887901
epochs :130 0.0007116638 4.931837e-36 1.962996e-09 726.05286 0.0 0.84616673 0.04227690917862159
epochs :131 0.000529821 5.033676e-36 2.1032527e-09 700.00055 0.0 0.85434365 0.04191800691326942
epochs :132 0.0013486525 6.972004e-36 2.6043447e-09 678.1035 0.0 0.8479949 0.04155834601050038
epochs :133 0.00083503406 1.5720409e-35 2.2989648e-09 699.10864 0.0 0.81954455 0.041197965911185436
epochs :134 0.0013443097 1.3280396e-35 2.2378992e-09 705.8876 0.0 0.84668887 0.0408369061350636
epochs :135 0.0019162907 1.0180415e-35 2.6834222e-09 718.51306 0.0 0.8303554 0.040475206276408104
epochs :136 0.0015741182 1.17070434e-35 2.8080096e-09 705.5517 0.0 0.8343897 0.04011290599968443
epochs :137 0.0024376058 1.0102191e-35 3.2562757e-09 697.8205 0.0 0.8227594 0.03975004503520067
epochs :138 0.008721334 9.524295e-36 4.7243067e-09 700.23126 0.0 0.8093356 0.03938666317475067
epochs :139 0.0025923061 3.7887918e-36 2.8697522e-09 697.69727 0.0 0.8766599 0.03902280026725035
epochs :140 0.0043852977 3.9254555e-35 4.629095e-09 692.5157 0.0 0.82414067 0.03865849621436789
epochs :141 0.009434956 3.3011793e-35 6.17424e-09 713.2716 0.0 0.8107356 0.038293790966148024
epochs :142 0.009252031 4.6158696e-35 6.9502755e-09 713.8919 0.0 0.8225351 0.03792872451663106
epochs :143 0.0077688033 1.8912157e-35 5.242406e-09 675.21844 0.0 0.80285704 0.03756333689946713
epochs :144 0.009700415 3.1789798e-35 5.3748805e-09 685.45404 0.0 0.809218 0.03719766818352599
epochs :145 0.013554799 7.324794e-36 8.283366e-09 685.5826 0.0 0.8263789 0.036831758468503055
epochs :146 0.009177829 4.574306e-36 7.6581435e-09 686.0324 0.0 0.79829746 0.036465647880522006
epochs :147 0.010755995 7.615592e-36 7.539478e-09 696.8202 0.0 0.79156995 0.036099376567734494
epochs :148 0.010723228 5.145582e-36 9.012023e-09 675.3947 0.0 0.7833528 0.03573298469591751
epochs :149 0.00010743431 0.0 1.5047126e-10 778.5656 0.0 1.0082306 0.03536651244406862
epochs :150 2.1863523e-06 3.78e-43 2.1566954e-12 648.6221 0.0 0.8254767 0.03500000000000002
epochs :151 1.539828e-05 1.18065e-39 1.37011374e-11 674.0832 0.0 0.80726033 0.034633487555931416
epochs :152 0.0001337326 8.177502e-38 1.4902465e-10 675.21295 0.0 0.7986594 0.034267015304082535
epochs :153 0.009818569 1.9449086e-36 7.884713e-09 654.5551 0.0 0.79312694 0.03390062343226553
epochs :154 0.020480055 4.097384e-34 2.4642015e-08 684.8822 0.0 0.80771947 0.03353435211947803
epochs :155 0.016491748 1.2044167e-33 1.912204e-08 660.41693 0.0 0.7896048 0.03316824153149698
epochs :156 0.01232148 7.73193e-34 1.5991926e-08 672.2396 0.0 0.7794769 0.03280233181647405
epochs :157 0.0113180345 3.159939e-34 1.4460388e-08 680.4324 0.0 0.78309995 0.032436663100532906
epochs :158 0.009250106 1.0320129e-34 1.2895899e-08 666.3423 0.0 0.78791726 0.032071275483368966
epochs :159 0.006426721 4.8217665e-35 9.569795e-09 666.5484 0.0 0.77616835 0.031706209033852004
epochs :160 0.008842088 9.5379353e-35 1.0606234e-08 652.7127 0.0 0.7827192 0.03134150378563214
epochs :161 0.009018328 1.0087295e-34 8.956346e-09 661.13214 0.0 0.7880995 0.03097719973274968
epochs :162 0.0059051136 7.716515e-35 8.947194e-09 628.3319 0.0 0.77577263 0.03061333682524936
epochs :163 0.005230207 1.8818107e-34 8.160297e-09 640.65234 0.0 0.77109003 0.030249954964799354
epochs :164 0.0045754537 4.1143754e-35 6.65354e-09 652.6329 0.0 0.7843342 0.029887094000315608
epochs :165 0.0050256164 3.311826e-35 6.359074e-09 651.59814 0.0 0.7535438 0.02952479372359193
epochs :166 0.0055800085 4.0746718e-35 6.8032016e-09 650.56104 0.0 0.7742096 0.029163093864936415
epochs :167 0.004239151 8.67488e-36 5.7535043e-09 656.3879 0.0 0.7633391 0.02880203408881459
epochs :168 0.005676135 6.8613485e-36 6.6022694e-09 655.1958 0.0 0.7668865 0.02844165398949964
epochs :169 0.003971891 7.11494e-36 5.309045e-09 636.1493 0.0 0.7661732 0.028081993086730584
epochs :170 0.004320603 2.695319e-36 5.427915e-09 631.89417 0.0 0.7601605 0.027723090821378422
epochs :171 0.004446049 3.721667e-36 5.621026e-09 613.4044 0.0 0.7647918 0.027364986551121014
epochs :172 0.0031822582 1.4293566e-36 4.67504e-09 614.9048 0.0 0.7527387 0.027007719546127056
epochs :173 0.0038292368 2.146602e-36 4.825043e-09 608.1846 0.0 0.7517748 0.026651328984749676
epochs :174 0.0025715278 2.4249143e-36 4.136784e-09 605.8341 0.0 0.75857776 0.026295853949230088
epochs :175 0.0038354339 7.625678e-37 4.360335e-09 602.0763 0.0 0.75526094 0.025941333421411777
epochs :176 0.0033647816 1.2116638e-36 4.3632373e-09 620.62506 0.0 0.7576524 0.02558780627846571
epochs :177 0.0023912918 7.926608e-37 2.9999438e-09 609.58954 0.0 0.7614685 0.02523531128862697
epochs :178 0.0024602828 1.2583364e-36 3.7279286e-09 614.8706 0.0 0.7564605 0.024883887106943486
epochs :179 0.0025837824 9.825088e-37 4.05063e-09 608.94183 0.0 0.7408246 0.024533572271036967
epochs :180 0.0035113166 6.1751313e-37 3.9427586e-09 601.35547 0.0 0.75017047 0.02418440519687684
epochs :181 0.0024672295 1.0266561e-36 3.8923194e-09 594.1326 0.0 0.7435176 0.02383642417456755
epochs :182 0.002389001 5.599319e-37 3.5467898e-09 608.4157 0.0 0.7480369 0.023489667364149584
epochs :183 0.0027942269 3.9110424e-37 3.3110537e-09 611.8714 0.0 0.7398515 0.0231441727914148
epochs :184 0.0021623618 2.1925572e-37 3.2772987e-09 614.7943 0.0 0.7512338 0.022799978343736472
epochs :185 0.002482603 2.0636651e-37 2.9172693e-09 610.2253 0.0 0.7367902 0.022457121765914495
epochs :186 0.0018172475 2.4648762e-37 3.21092e-09 612.78046 0.0 0.74052775 0.022115640656036276
epochs :187 0.002045282 3.1689264e-37 2.5522005e-09 592.62445 0.0 0.7386499 0.021775572461353643
epochs :188 0.0019062555 3.6271266e-37 2.6422742e-09 604.6254 0.0 0.73604655 0.021436954474176394
epochs :189 0.0016282714 3.474549e-37 2.3628008e-09 593.78937 0.0 0.7383978 0.02109982382778267
epochs :190 0.0014471445 8.336979e-37 2.171369e-09 614.53564 0.0 0.736803 0.020764217492346988
epochs :191 0.0014367427 7.0427566e-37 2.2215259e-09 620.44464 0.0 0.7356627 0.02043017227088596
epochs :192 0.0014465445 5.561597e-37 2.1518802e-09 621.3992 0.0 0.73673403 0.02009772479522245
epochs :193 0.0014931633 4.8225344e-37 1.9292659e-09 605.33203 0.0 0.7309526 0.019766911521968536
epochs :194 0.0013013717 3.953403e-37 2.097147e-09 602.0424 0.0 0.7380156 0.01943776872852754
epochs :195 0.001286181 8.734015e-37 2.0383728e-09 588.16327 0.0 0.7273659 0.019110332509115858
epochs :196 0.0008757748 5.8800466e-37 1.8091626e-09 611.52466 0.0 0.7337535 0.018784638770804843
epochs :197 0.0008691023 7.28447e-37 1.7082992e-09 605.81964 0.0 0.72708917 0.018460723229583108
epochs :198 0.0009674664 3.4698598e-37 1.6153915e-09 592.5273 0.0 0.73592514 0.018138621406439955
epochs :199 0.0011326371 4.690915e-37 1.7439039e-09 601.34326 0.0 0.72927415 0.01781836862347007
epochs :200 0.0010333967 1.0590758e-36 1.7111458e-09 593.5392 0.0 0.72631663 0.017499999999999988
epochs :201 0.0013850371 9.375448e-37 1.7544395e-09 621.8301 0.0 0.7329352 0.017183550448737
epochs :202 0.0009864751 6.781951e-37 1.6755489e-09 610.9093 0.0 0.7213596 0.016869054671940446
epochs :203 0.0009043059 8.543935e-37 1.5179844e-09 610.8726 0.0 0.726988 0.016556547157616282
epochs :204 0.0008352583 1.0412015e-36 1.5382038e-09 606.32825 0.0 0.72195196 0.016246062175735123
epochs :205 0.0010611746 1.1942902e-36 1.6388265e-09 597.6929 0.0 0.72241575 0.01593763377447406
epochs :206 0.00078117853 9.5281785e-37 1.5344832e-09 614.05347 0.0 0.72478163 0.015631295776482958
epochs :207 0.0015269822 6.9763386e-37 1.6858122e-09 604.03827 0.0 0.72153586 0.015327081775175435
epochs :208 0.0009890249 8.955745e-37 1.6956027e-09 601.11115 0.0 0.72099626 0.015025025131044893
epochs :209 0.0011643443 1.1844899e-36 1.6142535e-09 599.5077 0.0 0.72340435 0.014725158968006235
epochs :210 0.0012282333 7.940528e-37 1.5651255e-09 608.2923 0.0 0.72145003 0.014427516169763442
epochs :211 0.001045666 1.0587769e-36 1.5376996e-09 604.01935 0.0 0.7179904 0.01413212937620344
epochs :212 0.00085282914 1.2243012e-36 1.3470532e-09 604.9441 0.0 0.7211783 0.013839030979816879
epochs :213 0.0010804263 9.4365205e-37 1.5297974e-09 605.65186 0.0 0.7177962 0.01354825312214583
epochs :214 0.00096876826 7.0805795e-37 1.5516175e-09 595.3449 0.0 0.7143638 0.013259827690259138
epochs :215 0.001173715 8.3045395e-37 1.5521465e-09 613.82697 0.0 0.71838945 0.012973786313255693
epochs :216 0.0010538241 1.0474721e-36 1.4293701e-09 603.71 0.0 0.71701616 0.012690160358795857
epochs :217 0.0010919938 1.0113255e-36 1.4647695e-09 605.2014 0.0 0.7219682 0.012408980929661733
epochs :218 0.0010228546 9.388834e-37 1.4232623e-09 603.69745 0.0 0.7139689 0.012130278860346316
epochs :219 0.0011569612 7.2170378e-37 1.4752168e-09 609.4225 0.0 0.7148272 0.011854084713672176
epochs :220 0.0008342468 5.3078455e-37 1.3580753e-09 618.3645 0.0 0.7162978 0.01158042877743996
epochs :221 0.0010507341 6.8967458e-37 1.3840826e-09 597.8856 0.0 0.7147457 0.011309341061106875
epochs :222 0.001085646 7.54846e-37 1.4615309e-09 607.9023 0.0 0.7130716 0.011040851292495893
epochs :223 0.0010899493 5.1582554e-37 1.4079017e-09 597.6399 0.0 0.7130132 0.010774988914535764
epochs :224 0.0008815112 3.6879303e-37 1.3283051e-09 605.7145 0.0 0.7125255 0.010511783082032204
epochs :225 0.0011475206 3.795371e-37 1.4417498e-09 603.7571 0.0 0.71342987 0.010251262658470837
epochs :226 0.0010165296 3.496888e-37 1.357159e-09 602.38074 0.0 0.71182203 0.009993456212851888
epochs :227 0.0011456696 4.6777634e-37 1.52077e-09 607.57104 0.0 0.7128367 0.009738392016557322
epochs :228 0.0010115808 4.151832e-37 1.4250242e-09 614.6754 0.0 0.7134297 0.009486098040250602
epochs :229 0.0010956599 2.7143963e-37 1.4097878e-09 597.6788 0.0 0.7116469 0.009236601950809309
epochs :230 0.00088595226 3.2207706e-37 1.3632939e-09 607.5147 0.0 0.7099508 0.008989931108291197
epochs :231 0.0011889176 3.2816899e-37 1.4690805e-09 614.7775 0.0 0.71044767 0.008746112562933913
epochs :232 0.0011219778 3.1747345e-37 1.4661556e-09 599.4237 0.0 0.709232 0.008505173052188529
epochs :233 0.0011821837 2.743754e-37 1.4492522e-09 611.5034 0.0 0.71085405 0.008267138997787521
epochs :234 0.0011043658 2.451729e-37 1.4799209e-09 597.9447 0.0 0.7088788 0.00803203650284738
epochs :235 0.0009811736 3.1625746e-37 1.4590263e-09 607.5225 0.0 0.7107527 0.007799891349006017
epochs :236 0.0010050405 2.3227383e-37 1.4851084e-09 610.2967 0.0 0.7085344 0.007570728993595609
epochs :237 0.001181509 3.0898084e-37 1.4478906e-09 599.757 0.0 0.7090635 0.007344574566850843
epochs :238 0.0012002503 2.889526e-37 1.5454017e-09 600.1304 0.0 0.70958996 0.00712145286915313
epochs :239 0.0012452005 2.6171498e-37 1.5206832e-09 605.6866 0.0 0.7093578 0.006901388368310997
epochs :240 0.0012682012 1.9703653e-37 1.4437787e-09 608.5612 0.0 0.70734686 0.006684405196876842
epochs :241 0.0009861749 2.0099324e-37 1.5061078e-09 605.1939 0.0 0.70808995 0.006470527149500598
epochs :242 0.0010871752 1.979768e-37 1.4173742e-09 606.7995 0.0 0.70824945 0.0062597776803203576
epochs :243 0.0010272838 1.8508883e-37 1.4205762e-09 603.0099 0.0 0.7071347 0.006052179900390331
epochs :244 0.0011106429 1.9772476e-37 1.391028e-09 603.0672 0.0 0.70702887 0.005847756575146519
epochs :245 0.0010431042 1.9370967e-37 1.3864183e-09 612.4303 0.0 0.7065059 0.005646530121910161
epochs :246 0.0010019833 1.8348598e-37 1.3469005e-09 601.1496 0.0 0.7067502 0.005448522607429471
epochs :247 0.0010561032 1.4461327e-37 1.348843e-09 605.68835 0.0 0.7073519 0.005253755745459767
epochs :248 0.0011339973 2.0364198e-37 1.4623507e-09 608.0921 0.0 0.7059916 0.005062250894382269
epochs :249 0.0011825277 2.0277071e-37 1.4142787e-09 602.7712 0.0 0.7066528 0.004874029054861976
epochs :250 0.0011667905 1.7660488e-37 1.4670485e-09 605.7216 0.0 0.7059932 0.004689110867544653
epochs :251 0.001157008 1.782319e-37 1.4822116e-09 606.3031 0.0 0.70736265 0.004507516610793364
epochs :252 0.0010565686 1.6452348e-37 1.4058571e-09 608.3841 0.0 0.7062474 0.004329266198464774
epochs :253 0.0011056992 1.350713e-37 1.4053052e-09 605.14264 0.0 0.70569783 0.004154379177725274
epochs :254 0.0012086963 1.4080602e-37 1.4661156e-09 604.3718 0.0 0.70552385 0.003982874726907485
epochs :255 0.0012665776 1.5766638e-37 1.4638554e-09 607.51953 0.0 0.70505303 0.0038147716534071277
epochs :256 0.0011176943 1.4822803e-37 1.3678033e-09 605.3266 0.0 0.7048146 0.0036500883916205564
epochs :257 0.0012759496 1.5046925e-37 1.4758278e-09 611.6043 0.0 0.7047586 0.003488843000923227
epochs :258 0.0010326437 1.606228e-37 1.3913666e-09 598.5854 0.0 0.7050904 0.0033310531636893226
epochs :259 0.0011856015 1.2644709e-37 1.442481e-09 602.4334 0.0 0.7046854 0.0031767361833526016
epochs :260 0.0009987089 1.7907288e-37 1.3607074e-09 611.6878 0.0 0.7047201 0.0030259089825089734
epochs :261 0.001097524 1.3428631e-37 1.4570436e-09 604.34143 0.0 0.7043511 0.0028785881010606677
epochs :262 0.0010807016 1.381363e-37 1.4084794e-09 614.17267 0.0 0.70400625 0.002734789694402478
epochs :263 0.0011497607 1.4132149e-37 1.3756768e-09 606.1836 0.0 0.7038773 0.0025945295316501843
epochs :264 0.0011639858 1.4920038e-37 1.3989203e-09 604.0587 0.0 0.7041501 0.0024578229939112026
epochs :265 0.0010689371 1.0747403e-37 1.3929417e-09 600.78845 0.0 0.70372736 0.002324685072597939
epochs :266 0.0011090554 1.0642472e-37 1.4380798e-09 608.19086 0.0 0.70363533 0.002195130367783799
epochs :267 0.0011372307 9.3461277e-38 1.4053511e-09 607.0351 0.0 0.7036037 0.0020691730866021093
epochs :268 0.0010688268 1.0969164e-37 1.4188878e-09 608.60846 0.0 0.70347023 0.0019468270416881652
epochs :269 0.001062591 1.2579086e-37 1.3254345e-09 607.5829 0.0 0.70326 0.0018281056496645056
epochs :270 0.0011298405 1.2013306e-37 1.3326551e-09 603.0355 0.0 0.70323205 0.0017130219296696266
epochs :271 0.0011932562 1.0482431e-37 1.3638908e-09 608.6342 0.0 0.70334524 0.0016015885019303113
epochs :272 0.0011034441 9.946093e-38 1.3849661e-09 605.44244 0.0 0.7031114 0.0014938175863776467
epochs :273 0.0010796424 1.0988174e-37 1.3390954e-09 603.3798 0.0 0.7031824 0.001389721001306993
epochs :274 0.0011027558 1.0202488e-37 1.3544087e-09 604.01624 0.0 0.7030803 0.0012893101620819667
epochs :275 0.001123863 9.514917e-38 1.3638981e-09 603.9948 0.0 0.70272565 0.0011925960798826094
epochs :276 0.0011489297 9.953456e-38 1.3625887e-09 607.44806 0.0 0.7025287 0.0010995893604979125
epochs :277 0.0010852326 1.2366219e-37 1.3124192e-09 609.1642 0.0 0.7030025 0.0010103002031627414
epochs :278 0.0010666639 1.0377235e-37 1.3186117e-09 602.76013 0.0 0.70315534 0.00092473839943939
epochs :279 0.0011491019 1.0498118e-37 1.338351e-09 605.67505 0.0 0.7029827 0.0008429133321438438
epochs :280 0.0010641656 1.1012598e-37 1.38916e-09 604.73566 0.0 0.7025882 0.0007648339743168049
epochs :281 0.0010928084 1.0556184e-37 1.3668777e-09 605.8695 0.0 0.702626 0.0006905088882397388
epochs :282 0.0011291234 1.0362757e-37 1.3725223e-09 604.6993 0.0 0.7026459 0.0006199462244958988
epochs :283 0.001197573 1.0176597e-37 1.3708595e-09 606.2467 0.0 0.7025637 0.0005531537210765342
epochs :284 0.0011607151 1.0673449e-37 1.3847531e-09 606.2131 0.0 0.70248926 0.0004901387025323257
epochs :285 0.0011762268 9.550917e-38 1.381848e-09 608.48553 0.0 0.7024633 0.000430908079170182
epochs :286 0.0011329561 9.947763e-38 1.3428103e-09 605.27124 0.0 0.7023791 0.0003754683462954084
epochs :287 0.0011508536 1.0308348e-37 1.350193e-09 605.0787 0.0 0.7021065 0.00032382558349947413
epochs :288 0.0011051642 1.006679e-37 1.3285668e-09 606.9872 0.0 0.70227677 0.00027598545399327827
epochs :289 0.0011161284 9.982812e-38 1.3523141e-09 606.88135 0.0 0.70231044 0.00023195320398612443
epochs :290 0.0010995313 1.0614089e-37 1.323304e-09 606.8335 0.0 0.7021664 0.0001917336621104349
epochs :291 0.0011347926 1.0337333e-37 1.3570166e-09 607.276 0.0 0.7021509 0.00015533123889220016
epochs :292 0.0011247434 1.0084546e-37 1.3305436e-09 607.6241 0.0 0.7019583 0.00012274992626734707
epochs :293 0.0011130674 1.0571016e-37 1.327533e-09 606.7903 0.0 0.70200735 9.399329714396668e-05
epochs :294 0.0011152843 1.0125795e-37 1.3454085e-09 606.6103 0.0 0.7022499 6.906450501049546e-05
epochs :295 0.0011301646 1.0508937e-37 1.3538269e-09 606.67236 0.0 0.7019792 4.796628358991585e-05
epochs :296 0.0011201724 1.0119694e-37 1.3437738e-09 606.46124 0.0 0.7018414 3.07009465399566e-05
epochs :297 0.0011194492 1.0228752e-37 1.3400124e-09 606.7965 0.0 0.702236 1.7270387199394003e-05
epochs :298 0.0011210813 1.0196962e-37 1.3449477e-09 606.8982 0.0 0.7020276 7.676078380407515e-06
epochs :299 0.0011256229 1.021082e-37 1.347349e-09 606.69324 0.0 0.7022659 1.9190722070749904e-06
