epochs :0 0.002313407 2.442972e-37 3.117909e-09 628.15546 0.0 0.94296306 0.01
epochs :1 0.0012803829 2.0079858e-37 1.5351146e-09 608.9226 0.0 0.7034364 0.009999383162408303
epochs :2 0.0011462071 2.1469043e-37 1.4214553e-09 607.4597 0.0 0.7028366 0.009997532801828657
epochs :3 0.0011278975 1.7032848e-37 1.4114859e-09 610.17645 0.0 0.70333195 0.00999444937480985
epochs :4 0.0010127319 1.5196562e-37 1.2912306e-09 609.61505 0.0 0.703524 0.009990133642141357
epochs :5 0.0009476138 1.7474862e-37 1.254342e-09 607.8936 0.0 0.7034869 0.009984586668665639
epochs :6 0.0009994569 1.2871986e-37 1.1901554e-09 605.41125 0.0 0.7035826 0.009977809823015398
epochs :7 0.0008779501 1.4662971e-37 1.1583968e-09 607.61505 0.0 0.7070439 0.009969804777275897
epochs :8 0.0009186402 1.723665e-37 1.0840002e-09 605.74384 0.0 0.70518804 0.009960573506572387
epochs :9 0.00089450035 2.3448707e-37 1.055356e-09 619.7375 0.0 0.70740545 0.009950118288582784
epochs :10 0.00089321163 2.4696953e-37 1.0939766e-09 598.0387 0.0 0.7062054 0.009938441702975684
epochs :11 0.0008734795 2.5278577e-37 1.0714221e-09 612.48944 0.0 0.7057498 0.009925546630773864
epochs :12 0.0008731988 2.871987e-37 1.0810193e-09 610.3748 0.0 0.7063981 0.009911436253643439
epochs :13 0.00081676256 3.1607655e-37 1.0751876e-09 614.2668 0.0 0.70901436 0.009896114053108824
epochs :14 0.000711167 3.876198e-37 1.017409e-09 600.4611 0.0 0.7076079 0.009879583809693733
epochs :15 0.00079100375 4.6815485e-37 1.0210024e-09 608.7408 0.0 0.7112604 0.009861849601988378
epochs :16 0.0008661051 3.2528996e-37 1.011905e-09 605.06067 0.0 0.7112799 0.00984291580564315
epochs :17 0.0007861737 4.262403e-37 1.0768841e-09 607.18005 0.0 0.704915 0.009822787092288985
epochs :18 0.0008284371 5.841948e-37 1.0458261e-09 605.6322 0.0 0.707996 0.00980146842838471
epochs :19 0.0008792127 6.283678e-37 1.0197809e-09 605.7215 0.0 0.71045834 0.009778965073991645
epochs :20 0.00083936664 7.494346e-37 9.990134e-10 598.71643 0.0 0.70772505 0.009755282581475762
epochs :21 0.00079449645 7.1838016e-37 9.914508e-10 598.72925 0.0 0.70889175 0.00973042679413772
epochs :22 0.00078965916 7.3547206e-37 1.0124094e-09 614.64886 0.0 0.70782304 0.00970440384477112
epochs :23 0.0007692592 9.167147e-37 9.462507e-10 607.0822 0.0 0.71089596 0.00967722015414933
epochs :24 0.00077755394 6.48448e-37 1.0034068e-09 600.80975 0.0 0.70705557 0.00964888242944125
epochs :25 0.0007673189 8.723758e-37 9.792271e-10 619.9511 0.0 0.70883524 0.009619397662556426
epochs :26 0.0007026523 9.934002e-37 9.609084e-10 608.0885 0.0 0.70736176 0.009588773128419898
epochs :27 0.00084971293 1.2438755e-36 1.0278132e-09 613.0577 0.0 0.7101955 0.009557016383177219
epochs :28 0.0008183146 8.8902545e-37 9.982368e-10 607.6072 0.0 0.7054174 0.009524135262330091
epochs :29 0.0007536086 1.3945632e-36 1.0785994e-09 601.4057 0.0 0.70949453 0.009490137878803071
epochs :30 0.0007231244 1.17433995e-36 9.494111e-10 602.0774 0.0 0.7056856 0.009455032620941833
epochs :31 0.0007257892 1.5897395e-36 9.557964e-10 608.96533 0.0 0.7102327 0.009418828150443462
epochs :32 0.0007456765 1.6170552e-36 9.631806e-10 599.34985 0.0 0.7046975 0.009381533400219312
epochs :33 0.00068717025 1.5895702e-36 8.9299435e-10 602.39374 0.0 0.70735794 0.00934315757219095
epochs :34 0.00074297487 1.7559132e-36 9.709523e-10 602.6338 0.0 0.7041577 0.009303710135019712
epochs :35 0.0006896848 2.3844437e-36 8.1930857e-10 613.2524 0.0 0.7087032 0.009263200821770455
epochs :36 0.0007212644 1.7873241e-36 9.500166e-10 612.5501 0.0 0.7077638 0.009221639627510068
epochs :37 0.0007126643 2.1919818e-36 8.935463e-10 611.63324 0.0 0.70565474 0.009179036806841345
epochs :38 0.0006700778 3.013276e-36 8.7878776e-10 601.39984 0.0 0.70479137 0.009135402871372801
epochs :39 0.0006974545 2.316254e-36 8.6914875e-10 612.81757 0.0 0.7070874 0.00909074858712511
epochs :40 0.0009170012 2.9975922e-36 9.733246e-10 609.67194 0.0 0.7085732 0.00904508497187473
epochs :41 0.0007541677 2.6152253e-36 8.8042085e-10 605.0049 0.0 0.7063975 0.008998423292435446
epochs :42 0.0007163125 3.1040462e-36 8.4590146e-10 602.40656 0.0 0.7058775 0.008950775061878443
epochs :43 0.00062929105 3.2888723e-36 8.598832e-10 601.70184 0.0 0.7043975 0.008902152036691641
epochs :44 0.0006814993 4.6765705e-36 9.04043e-10 605.5958 0.0 0.7072041 0.008852566213878938
epochs :45 0.0007068881 3.893049e-36 8.664028e-10 603.6964 0.0 0.7064918 0.008802029828000147
epochs :46 0.00063607533 4.2308326e-36 8.791513e-10 606.1528 0.0 0.70974505 0.00875055534815229
epochs :47 0.0006596854 3.9092107e-36 8.355357e-10 619.1364 0.0 0.703425 0.008698155474893039
epochs :48 0.00071773276 4.81781e-36 8.7532487e-10 605.29767 0.0 0.7030994 0.008644843137107049
epochs :49 0.00065701763 5.7651103e-36 8.832169e-10 618.2127 0.0 0.7074873 0.008590631488815935
epochs :50 0.00067460036 5.317068e-36 8.9656643e-10 602.30273 0.0 0.7028295 0.008535533905932728
epochs :51 0.00065980136 4.814908e-36 8.8034086e-10 604.0302 0.0 0.70364857 0.008479563982961562
epochs :52 0.0007714993 6.801723e-36 8.7990665e-10 620.0384 0.0 0.70604837 0.008422735529643434
epochs :53 0.00067567144 6.4633686e-36 8.8097096e-10 609.07324 0.0 0.7030196 0.008365062567548856
epochs :54 0.0005848986 7.302921e-36 7.871237e-10 604.22974 0.0 0.7064518 0.00830655932661825
epochs :55 0.0005855688 8.507742e-36 8.2429136e-10 605.5868 0.0 0.70251745 0.008247240241650909
epochs :56 0.00065650104 8.240703e-36 8.2296114e-10 618.99243 0.0 0.70253545 0.00818711994874344
epochs :57 0.0005725406 7.9437726e-36 8.0335666e-10 598.31116 0.0 0.7037625 0.008126213281678518
epochs :58 0.0006249226 8.51034e-36 8.458821e-10 606.5414 0.0 0.7045797 0.008064535268264873
epochs :59 0.0006245018 1.0746837e-35 8.0297724e-10 607.2793 0.0 0.7046181 0.008002101126629411
epochs :60 0.0006602515 9.7973594e-36 8.007272e-10 608.15106 0.0 0.7030912 0.007938926261462358
epochs :61 0.00068857655 9.3915254e-36 8.379645e-10 595.60156 0.0 0.703712 0.007875026260216385
epochs :62 0.0005794875 9.116897e-36 7.978264e-10 600.3199 0.0 0.7045478 0.007810416889260647
epochs :63 0.00070003496 1.2928692e-35 8.163175e-10 607.3158 0.0 0.7010559 0.007745114089990651
epochs :64 0.00050956965 1.04755674e-35 8.2648316e-10 617.2407 0.0 0.703318 0.007679133974894975
epochs :65 0.00061102177 1.0254e-35 8.3911156e-10 615.5996 0.0 0.70221245 0.007612492823579737
epochs :66 0.000594213 1.2303744e-35 7.606819e-10 604.2289 0.0 0.7042732 0.00754520707875185
epochs :67 0.0005689952 1.3593984e-35 8.023327e-10 613.19507 0.0 0.7036905 0.007477293342162032
epochs :68 0.0005661175 1.3866227e-35 8.0560697e-10 603.4325 0.0 0.70243937 0.00740876837050857
epochs :69 0.00057730055 1.5048549e-35 7.717883e-10 597.5908 0.0 0.70342433 0.007339649071302861
epochs :70 0.0005631282 1.5881343e-35 7.3923345e-10 609.5157 0.0 0.70206124 0.007269952498697728
epochs :71 0.00050354865 1.3963365e-35 7.171334e-10 606.2428 0.0 0.7029686 0.007199695849279568
epochs :72 0.00061147474 1.3157158e-35 7.513035e-10 606.43555 0.0 0.70151055 0.0071288964578253575
epochs :73 0.0004471544 1.4967138e-35 6.885171e-10 607.32715 0.0 0.70139825 0.007057571793025539
epochs :74 0.00054086687 1.4908107e-35 7.135496e-10 614.20245 0.0 0.6995276 0.006985739453173897
epochs :75 0.0004980887 1.7156895e-35 6.6153405e-10 603.0548 0.0 0.701632 0.006913417161825444
epochs :76 0.00045086734 1.5405298e-35 6.633812e-10 606.3835 0.0 0.7026944 0.0068406227634233855
epochs :77 0.00047779657 1.6177907e-35 7.496729e-10 612.0357 0.0 0.7004605 0.006767374218896281
epochs :78 0.00043657786 1.6783897e-35 7.0329503e-10 608.58936 0.0 0.7005008 0.006693689601226453
epochs :79 0.0004115805 1.1552391e-35 6.7104355e-10 606.6195 0.0 0.7011079 0.006619587090990743
epochs :80 0.00042791554 1.5036384e-35 6.461576e-10 598.05945 0.0 0.70106053 0.006545084971874733
epochs :81 0.0004422666 1.8528677e-35 6.9210065e-10 606.06525 0.0 0.7005292 0.006470201626161516
epochs :82 0.0004286991 1.5406353e-35 6.746384e-10 606.09064 0.0 0.7004577 0.006394955530196143
epochs :83 0.000374076 1.8551314e-35 6.05397e-10 596.49963 0.0 0.70226485 0.00631936524982686
epochs :84 0.0004590346 1.6685333e-35 7.077899e-10 601.0229 0.0 0.6996294 0.00624344943582427
epochs :85 0.0004265097 1.8328612e-35 6.671043e-10 605.3131 0.0 0.7010108 0.006167226819279525
epochs :86 0.0003716455 1.8568163e-35 6.02907e-10 600.23975 0.0 0.7004798 0.006090716206982711
epochs :87 0.00037489602 1.8404697e-35 6.1633604e-10 612.472 0.0 0.7005144 0.006013936476782561
epochs :88 0.000369916 1.9909488e-35 5.9364597e-10 599.6954 0.0 0.6999937 0.005936906572928622
epochs :89 0.00038737955 1.5717411e-35 6.130461e-10 606.789 0.0 0.7006405 0.005859645501397045
epochs :90 0.00036754092 2.1796841e-35 5.9013167e-10 603.81976 0.0 0.6999796 0.005782172325201152
epochs :91 0.00041911824 2.3312273e-35 6.4211175e-10 602.5506 0.0 0.7002392 0.005704506159687911
epochs :92 0.0004159263 2.2438358e-35 5.953844e-10 601.07104 0.0 0.6987844 0.0056266661678215195
epochs :93 0.0003420381 2.2966264e-35 6.106337e-10 600.41974 0.0 0.69818217 0.005548671555455224
epochs :94 0.00041843412 2.336052e-35 6.071683e-10 602.08246 0.0 0.6996494 0.0054705415665925695
epochs :95 0.0003509004 2.680607e-35 6.156596e-10 598.61005 0.0 0.69995326 0.005392295478639223
epochs :96 0.0003749008 2.6893127e-35 6.0900696e-10 606.8434 0.0 0.6988471 0.005313952597646565
epochs :97 0.0003412347 2.447153e-35 5.10243e-10 602.08966 0.0 0.6989748 0.00523553225354821
epochs :98 0.0003605001 2.5594538e-35 5.7328886e-10 599.61835 0.0 0.69846106 0.005157053795390639
epochs :99 0.0003684262 3.1865798e-35 5.9775906e-10 600.6781 0.0 0.69840074 0.005078536586559101
epochs :100 0.00036884256 3.0260063e-35 5.758879e-10 603.53436 0.0 0.69838774 0.004999999999999997
epochs :101 0.0003296437 3.053022e-35 5.5175803e-10 606.0385 0.0 0.6991792 0.004921463413440894
epochs :102 0.00035822613 3.582522e-35 5.829138e-10 604.26086 0.0 0.698218 0.004842946204609355
epochs :103 0.00034186782 3.85047e-35 5.9247574e-10 603.6481 0.0 0.6984551 0.004764467746451784
epochs :104 0.0004259867 3.9223718e-35 6.088491e-10 599.3704 0.0 0.69749707 0.00468604740235343
epochs :105 0.00032757255 3.9505128e-35 5.453856e-10 599.0856 0.0 0.6973194 0.004607704521360773
epochs :106 0.00038999147 3.8245593e-35 5.8964095e-10 598.9341 0.0 0.69724613 0.0045294584334074255
epochs :107 0.0003343376 3.5162864e-35 5.2148647e-10 603.2184 0.0 0.6988131 0.004451328444544771
epochs :108 0.00037410768 4.5098713e-35 5.4003874e-10 599.9191 0.0 0.6970889 0.004373333832178476
epochs :109 0.00031229065 3.5353317e-35 5.0688115e-10 608.1173 0.0 0.6973472 0.004295493840312086
epochs :110 0.00037110248 4.553712e-35 5.3488086e-10 601.72217 0.0 0.6979151 0.004217827674798844
epochs :111 0.00044072536 4.313737e-35 5.9551425e-10 601.6968 0.0 0.69701475 0.00414035449860295
epochs :112 0.0003309402 4.6822308e-35 5.5836025e-10 607.0979 0.0 0.6978327 0.004063093427071376
epochs :113 0.0002998295 5.2658204e-35 5.007056e-10 608.0729 0.0 0.69624466 0.003986063523217437
epochs :114 0.00038261362 5.662692e-35 5.461002e-10 599.34534 0.0 0.69765824 0.003909283793017288
epochs :115 0.000379915 5.3181454e-35 5.606097e-10 601.0737 0.0 0.698064 0.0038327731807204714
epochs :116 0.00027604267 5.332325e-35 4.9063903e-10 603.0304 0.0 0.6968762 0.003756550564175725
epochs :117 0.0003325415 5.151536e-35 5.286523e-10 603.3897 0.0 0.69686425 0.0036806347501731345
epochs :118 0.0003428737 4.6892022e-35 5.3529764e-10 606.46655 0.0 0.6974965 0.003605044469803853
epochs :119 0.00027899645 7.147345e-35 4.7293675e-10 601.9838 0.0 0.6967575 0.00352979837383848
epochs :120 0.00029807398 7.821427e-35 4.9954707e-10 604.2038 0.0 0.6965522 0.0034549150281252636
epochs :121 0.0003415795 5.0260614e-35 5.0826066e-10 603.67175 0.0 0.6964891 0.0033804129090092517
epochs :122 0.0003365736 4.1046558e-35 4.9898297e-10 600.88025 0.0 0.6963576 0.003306310398773542
epochs :123 0.00037868385 2.3963262e-35 5.2220095e-10 601.8166 0.0 0.6964589 0.003232625781103714
epochs :124 0.00030869915 8.137528e-35 4.9097915e-10 605.26447 0.0 0.6966555 0.0031593772365766104
epochs :125 0.00032135157 7.075672e-35 4.9921417e-10 598.8872 0.0 0.69558764 0.0030865828381745515
epochs :126 0.00035886903 6.1301215e-35 5.100831e-10 597.7131 0.0 0.6960428 0.0030142605468260956
epochs :127 0.000404125 3.047995e-35 5.442887e-10 599.1813 0.0 0.6959827 0.0029424282069744553
epochs :128 0.00035283298 4.7740333e-35 5.0863563e-10 602.0431 0.0 0.69561076 0.002871103542174636
epochs :129 0.00031302325 9.6213995e-35 4.922855e-10 604.29913 0.0 0.6955382 0.0028003041507204235
epochs :130 0.0003098524 8.825791e-35 4.7898985e-10 599.3408 0.0 0.6957404 0.002730047501302266
epochs :131 0.000314861 4.5060538e-35 4.9292986e-10 600.723 0.0 0.69568235 0.0026603509286971336
epochs :132 0.0003675277 8.8809763e-35 5.272644e-10 602.48865 0.0 0.69560844 0.0025912316294914224
epochs :133 0.0002933997 8.8181195e-35 4.783976e-10 602.21326 0.0 0.69561416 0.0025227066578379616
epochs :134 0.00029320843 4.3736862e-35 4.7184445e-10 602.8706 0.0 0.6954045 0.0024547929212481432
epochs :135 0.00031996728 8.0783295e-35 4.7913734e-10 602.85016 0.0 0.6954474 0.0023875071764202557
epochs :136 0.00031894483 5.4389894e-35 4.8726834e-10 602.4107 0.0 0.69490325 0.0023208660251050153
epochs :137 0.00037300866 5.746602e-35 4.926116e-10 600.7477 0.0 0.69567436 0.0022548859100093403
epochs :138 0.00034972714 6.282296e-35 4.9800075e-10 604.0944 0.0 0.6948768 0.0021895831107393462
epochs :139 0.00033826253 9.033504e-35 4.749104e-10 602.71594 0.0 0.695106 0.002124973739783607
epochs :140 0.00033913727 5.622955e-35 4.8355436e-10 600.8073 0.0 0.69486207 0.0020610737385376348
epochs :141 0.00032952847 5.8744486e-35 4.856492e-10 610.21545 0.0 0.69502586 0.0019978988733705804
epochs :142 0.00036520377 5.582049e-35 4.943169e-10 598.269 0.0 0.69481 0.001935464731735117
epochs :143 0.00035364655 4.0872185e-35 4.909247e-10 600.2816 0.0 0.69451874 0.0018737867183214738
epochs :144 0.00034687587 8.1222056e-35 4.8164406e-10 599.1895 0.0 0.6948921 0.001812880051256551
epochs :145 0.00034321463 5.421671e-35 4.885959e-10 601.0946 0.0 0.6944721 0.001752759758349082
epochs :146 0.0003337653 5.208684e-35 4.5990464e-10 601.22095 0.0 0.6944944 0.0016934406733817413
epochs :147 0.00034086395 6.256229e-35 4.6626647e-10 602.61584 0.0 0.6947628 0.0016349374324511328
epochs :148 0.00033687562 5.588612e-35 4.94078e-10 601.2803 0.0 0.6943831 0.0015772644703565563
epochs :149 0.00037012825 5.695882e-35 4.864854e-10 602.4065 0.0 0.69469947 0.0015204360170384284
epochs :150 0.0003187222 6.7935084e-35 4.685141e-10 601.35626 0.0 0.69515467 0.0014644660940672626
epochs :151 0.00036137825 6.009307e-35 4.854144e-10 603.0304 0.0 0.69520026 0.0014093685111840565
epochs :152 0.00034691312 6.08743e-35 4.8032656e-10 602.5189 0.0 0.6939538 0.0013551568628929432
epochs :153 0.00035352018 6.6575856e-35 4.685927e-10 603.5934 0.0 0.6940978 0.001301844525106951
epochs :154 0.00036896698 7.828232e-35 4.861087e-10 602.1026 0.0 0.6939422 0.0012494446518477018
epochs :155 0.0003627679 4.357665e-35 4.7236054e-10 600.7802 0.0 0.69420993 0.0011979701719998452
epochs :156 0.0003734813 7.874776e-35 4.8972004e-10 598.1647 0.0 0.69427717 0.001147433786121054
epochs :157 0.00037395034 3.6871458e-35 4.953821e-10 599.1072 0.0 0.6936722 0.001097847963308352
epochs :158 0.00035016067 3.88224e-35 4.7261073e-10 599.2454 0.0 0.69396406 0.0010492249381215478
epochs :159 0.000327486 5.7971117e-35 4.5027668e-10 600.96246 0.0 0.69391215 0.001001576707564547
epochs :160 0.00034896497 5.1663746e-35 4.645508e-10 602.5317 0.0 0.6941051 0.0009549150281252633
epochs :161 0.00034030701 6.2634397e-35 4.73486e-10 601.0893 0.0 0.69397366 0.0009092514128748835
epochs :162 0.0003950852 6.6317827e-35 5.0051197e-10 601.9708 0.0 0.69389486 0.0008645971286271914
epochs :163 0.0003647842 6.842402e-35 4.740435e-10 604.838 0.0 0.69383246 0.0008209631931586497
epochs :164 0.00039456348 6.3158393e-35 4.852281e-10 600.2447 0.0 0.69375896 0.0007783603724899257
epochs :165 0.00032401513 6.933949e-35 4.3850457e-10 601.6019 0.0 0.6939746 0.0007367991782295402
epochs :166 0.00035660304 7.5701503e-35 4.7168663e-10 600.85455 0.0 0.6939921 0.0006962898649802812
epochs :167 0.0003506138 6.563527e-35 4.5600707e-10 600.5164 0.0 0.6937994 0.0006568424278090434
epochs :168 0.00038541295 5.3172115e-35 4.770569e-10 600.8451 0.0 0.6937414 0.0006184665997806821
epochs :169 0.00034907577 5.798395e-35 4.7213794e-10 599.5366 0.0 0.69370323 0.0005811718495565327
epochs :170 0.00035433695 7.483954e-35 4.6378876e-10 600.6926 0.0 0.6936698 0.0005449673790581611
epochs :171 0.00036810993 6.403417e-35 4.7995274e-10 599.9946 0.0 0.69344723 0.0005098621211969223
epochs :172 0.0003541636 5.6388935e-35 4.5830426e-10 602.2342 0.0 0.693857 0.0004758647376699032
epochs :173 0.0003699719 6.9532305e-35 4.67153e-10 600.8823 0.0 0.693622 0.00044298361682277464
epochs :174 0.00036489443 5.9636347e-35 4.6663456e-10 599.8933 0.0 0.6936827 0.0004112268715800954
epochs :175 0.0003632107 6.413049e-35 4.69655e-10 600.9071 0.0 0.69352067 0.0003806023374435674
epochs :176 0.0003728878 6.1215694e-35 4.743346e-10 600.1226 0.0 0.6938295 0.00035111757055874323
epochs :177 0.00036476614 6.0759696e-35 4.690934e-10 600.2266 0.0 0.69341785 0.0003227798458506631
epochs :178 0.0003547193 6.524933e-35 4.5975795e-10 601.2757 0.0 0.6935381 0.0002955961552288727
epochs :179 0.00037881796 6.8630543e-35 4.772296e-10 600.4482 0.0 0.6936673 0.00026957320586227347
epochs :180 0.0003714249 6.0104536e-35 4.7201965e-10 601.4453 0.0 0.6934249 0.0002447174185242323
epochs :181 0.00038415965 5.897665e-35 4.8399523e-10 600.8581 0.0 0.69333416 0.00022103492600834934
epochs :182 0.00036434364 6.586603e-35 4.6760795e-10 599.44037 0.0 0.69340956 0.0001985315716152852
epochs :183 0.000356276 5.517102e-35 4.6035378e-10 601.10095 0.0 0.69338673 0.00017721290771101014
epochs :184 0.00038274008 6.826551e-35 4.818883e-10 599.9711 0.0 0.69338864 0.00015708419435684514
epochs :185 0.00037784543 7.0770764e-35 4.703065e-10 601.4524 0.0 0.693372 0.0001381503980116172
epochs :186 0.00036579545 6.055052e-35 4.667446e-10 601.17377 0.0 0.6931418 0.00012041619030626336
epochs :187 0.0003647488 6.5468234e-35 4.661555e-10 600.85223 0.0 0.6930523 0.00010388594689117068
epochs :188 0.0003715448 6.3119375e-35 4.7150334e-10 601.2216 0.0 0.6932307 8.856374635655638e-05
epochs :189 0.00037163493 6.3517435e-35 4.754307e-10 601.4321 0.0 0.69325584 7.445336922613064e-05
epochs :190 0.000370027 6.369115e-35 4.7216825e-10 600.9296 0.0 0.69349706 6.155829702431169e-05
epochs :191 0.00036832504 6.346998e-35 4.737264e-10 601.1306 0.0 0.6934211 4.988171141721231e-05
epochs :192 0.00037295299 6.633401e-35 4.742751e-10 600.76154 0.0 0.6932656 3.9426493427611173e-05
epochs :193 0.00036565226 6.4440945e-35 4.671731e-10 601.1246 0.0 0.6933253 3.0195222724102018e-05
epochs :194 0.0003683547 6.357077e-35 4.709253e-10 600.98456 0.0 0.6933235 2.2190176984600013e-05
epochs :195 0.0003700316 6.2496914e-35 4.7199933e-10 601.1824 0.0 0.6934514 1.5413331334360176e-05
epochs :196 0.0003698882 6.387899e-35 4.719551e-10 600.90533 0.0 0.6931295 9.866357858642203e-06
epochs :197 0.00036888677 6.379668e-35 4.7147175e-10 600.88 0.0 0.69363385 5.5506251901504804e-06
epochs :198 0.00036908127 6.3687756e-35 4.7121534e-10 600.9108 0.0 0.6931887 2.467198171341999e-06
epochs :199 0.00036923945 6.3559135e-35 4.7130333e-10 600.9416 0.0 0.6933354 6.168375916970613e-07
