epochs :0 8.6622265e-11 2.9020904e-11 5.4049647e-11 757.7218 0.0 1.7135764 0.03
epochs :1 8.535416e-11 2.9003145e-11 5.4137292e-11 607.41235 0.0 0.71004814 0.029999703912842055
epochs :2 8.530129e-11 2.8984953e-11 5.4095027e-11 580.0424 0.0 0.7035419 0.029998815663057243
epochs :3 8.505013e-11 2.8947992e-11 5.4035335e-11 575.154 0.0 0.70111763 0.029997335285712134
epochs :4 8.5096215e-11 2.8916203e-11 5.399754e-11 575.5094 0.0 0.7001682 0.029995262839249498
epochs :5 8.507024e-11 2.8877184e-11 5.3947877e-11 575.0353 0.0 0.700126 0.029992598405485973
epochs :6 8.506588e-11 2.8851305e-11 5.3907427e-11 574.0449 0.0 0.70075166 0.02998934208960884
epochs :7 8.497278e-11 2.881149e-11 5.3859608e-11 578.90753 0.0 0.7021584 0.029985494020171873
epochs :8 8.49088e-11 2.8780074e-11 5.3809124e-11 572.9259 0.0 0.7005119 0.029981054349090264
epochs :9 8.4895986e-11 2.8744146e-11 5.376719e-11 581.0153 0.0 0.70335686 0.029976023251634627
epochs :10 8.492661e-11 2.8711762e-11 5.3730062e-11 576.54596 0.0 0.7044835 0.029970400926424074
epochs :11 8.4892614e-11 2.8674655e-11 5.3681497e-11 572.33795 0.0 0.70934504 0.029964187595418378
epochs :12 8.4896805e-11 2.8643279e-11 5.3643614e-11 582.1476 0.0 0.70925343 0.02995738350390921
epochs :13 8.4890955e-11 2.8602542e-11 5.3603386e-11 573.9318 0.0 0.71602726 0.02994998892051045
epochs :14 8.4861194e-11 2.8564439e-11 5.3564805e-11 582.27167 0.0 0.71021163 0.02994200413714759
epochs :15 8.4997745e-11 2.8530841e-11 5.353648e-11 587.56213 0.0 0.7196958 0.029933429469046202
epochs :16 8.488759e-11 2.8506203e-11 5.3488717e-11 581.94037 0.0 0.71509665 0.029924265254719504
epochs :17 8.488467e-11 2.8470178e-11 5.344726e-11 571.9709 0.0 0.7076576 0.029914511855954982
epochs :18 8.486573e-11 2.8441572e-11 5.3408954e-11 578.9259 0.0 0.7128692 0.029904169657800125
epochs :19 8.491722e-11 2.8413603e-11 5.337418e-11 578.2255 0.0 0.7147013 0.0298932390685472
epochs :20 8.491593e-11 2.837704e-11 5.33341e-11 584.7223 0.0 0.7111405 0.02988172051971717
epochs :21 8.4933734e-11 2.8347989e-11 5.3294674e-11 587.67664 0.0 0.7156647 0.0298696144660426
epochs :22 8.487594e-11 2.8317567e-11 5.3253138e-11 588.9245 0.0 0.7243845 0.029856921385449767
epochs :23 8.484938e-11 2.8287607e-11 5.321527e-11 579.9727 0.0 0.71182907 0.029843641779039764
epochs :24 8.487235e-11 2.8258484e-11 5.3172657e-11 574.5311 0.0 0.7144103 0.02982977617106871
epochs :25 8.487607e-11 2.8234567e-11 5.3132918e-11 571.52094 0.0 0.7153738 0.02981532510892707
epochs :26 8.477676e-11 2.8203719e-11 5.3087e-11 582.0468 0.0 0.7089616 0.029800289163118023
epochs :27 8.4754925e-11 2.8171628e-11 5.3046477e-11 575.7241 0.0 0.7160351 0.029784668927234977
epochs :28 8.474779e-11 2.8145097e-11 5.300522e-11 582.46 0.0 0.7157027 0.029768465017938086
epochs :29 8.47604e-11 2.8113338e-11 5.296854e-11 569.12823 0.0 0.708956 0.02975167807492995
epochs :30 8.475556e-11 2.8085685e-11 5.292199e-11 573.855 0.0 0.71952236 0.029734308760930337
epochs :31 8.4661056e-11 2.8060136e-11 5.2878788e-11 579.48157 0.0 0.7099774 0.029716357761650016
epochs :32 8.4704826e-11 2.802954e-11 5.2838928e-11 582.40717 0.0 0.71750546 0.02969782578576371
epochs :33 8.463021e-11 2.8000475e-11 5.280076e-11 578.86017 0.0 0.70760214 0.02967871356488209
epochs :34 8.460699e-11 2.7979861e-11 5.2756112e-11 593.2758 0.0 0.7248179 0.029659021853522913
epochs :35 8.4495674e-11 2.7949254e-11 5.2712164e-11 576.81696 0.0 0.7161027 0.02963875142908122
epochs :36 8.460826e-11 2.7913073e-11 5.26805e-11 576.1525 0.0 0.7121562 0.029617903091798667
epochs :37 8.4629075e-11 2.7889717e-11 5.264453e-11 592.00916 0.0 0.7107025 0.029596477664731908
epochs :38 8.460131e-11 2.785452e-11 5.2604282e-11 577.4205 0.0 0.7108851 0.02957447599372012
epochs :39 8.4545176e-11 2.7827383e-11 5.2557802e-11 573.62463 0.0 0.7156034 0.029551898947351597
epochs :40 8.459052e-11 2.7798892e-11 5.2520904e-11 581.95703 0.0 0.71904397 0.029528747416929475
epochs :41 8.458631e-11 2.7766782e-11 5.2482768e-11 577.8338 0.0 0.7145609 0.029505022316436536
epochs :42 8.462052e-11 2.7737406e-11 5.2447297e-11 578.12836 0.0 0.71110004 0.029480724582499115
epochs :43 8.464763e-11 2.7709805e-11 5.2409306e-11 579.42914 0.0 0.7092493 0.029455855174350155
epochs :44 8.462521e-11 2.767489e-11 5.2370417e-11 577.723 0.0 0.7147721 0.029430415073791297
epochs :45 8.462681e-11 2.7650666e-11 5.2330362e-11 578.40704 0.0 0.716909 0.029404405285154155
epochs :46 8.456001e-11 2.762131e-11 5.2287483e-11 578.7392 0.0 0.71269536 0.029377826835260648
epochs :47 8.455954e-11 2.7600559e-11 5.2246e-11 577.1681 0.0 0.7105874 0.02935068077338247
epochs :48 8.4522125e-11 2.7567733e-11 5.2204095e-11 576.0419 0.0 0.7121076 0.029322968171199656
epochs :49 8.4568574e-11 2.7541294e-11 5.2172138e-11 581.0565 0.0 0.715924 0.029294690122758295
epochs :50 8.4501496e-11 2.7521393e-11 5.212821e-11 567.1133 0.0 0.7119851 0.029265847744427316
epochs :51 8.454454e-11 2.7481111e-11 5.2091387e-11 581.13043 0.0 0.7141162 0.029236442174854427
epochs :52 8.454922e-11 2.745659e-11 5.205969e-11 577.9187 0.0 0.7109644 0.02920647457492117
epochs :53 8.45484e-11 2.7429213e-11 5.201848e-11 575.94214 0.0 0.7152733 0.02917594612769708
epochs :54 8.448151e-11 2.7405002e-11 5.1973252e-11 575.46674 0.0 0.70875794 0.029144858038392975
epochs :55 8.447088e-11 2.7372722e-11 5.1934516e-11 585.8906 0.0 0.71234024 0.029113211534313392
epochs :56 8.447151e-11 2.7350115e-11 5.1903325e-11 588.121 0.0 0.7165108 0.02908100786480812
epochs :57 8.444462e-11 2.7316906e-11 5.1865484e-11 584.55896 0.0 0.71453583 0.029048248301222896
epochs :58 8.453857e-11 2.7282178e-11 5.183046e-11 584.80194 0.0 0.7091056 0.02901493413684919
epochs :59 8.450181e-11 2.7254613e-11 5.1793562e-11 575.63153 0.0 0.7088769 0.02898106668687317
epochs :60 8.447038e-11 2.7229097e-11 5.175759e-11 580.68933 0.0 0.7187482 0.028946647288323777
epochs :61 8.4433016e-11 2.7205948e-11 5.171361e-11 584.02924 0.0 0.7091736 0.028911677300019926
epochs :62 8.4396955e-11 2.7176178e-11 5.167371e-11 583.20233 0.0 0.7099691 0.028876158102516876
epochs :63 8.4378456e-11 2.7156695e-11 5.1618227e-11 576.34357 0.0 0.71473783 0.028840091098051728
epochs :64 8.429366e-11 2.7123363e-11 5.1578214e-11 578.4223 0.0 0.7093152 0.02880347771048806
epochs :65 8.425542e-11 2.710433e-11 5.153774e-11 579.9053 0.0 0.714012 0.028766319385259722
epochs :66 8.428869e-11 2.7070906e-11 5.149964e-11 585.64954 0.0 0.712015 0.02872861758931377
epochs :67 8.422584e-11 2.7044584e-11 5.146165e-11 579.73096 0.0 0.7117012 0.02869037381105255
epochs :68 8.421412e-11 2.7016538e-11 5.1421582e-11 571.5562 0.0 0.71367115 0.028651589560274943
epochs :69 8.423437e-11 2.698975e-11 5.138701e-11 576.69543 0.0 0.7122562 0.028612266368116764
epochs :70 8.4184576e-11 2.6958522e-11 5.1343655e-11 576.94476 0.0 0.71193236 0.028572405786990305
epochs :71 8.4152955e-11 2.6937655e-11 5.1301255e-11 578.8545 0.0 0.71171564 0.028532009390523052
epochs :72 8.416241e-11 2.690951e-11 5.1269308e-11 577.982 0.0 0.710528 0.028491078773495576
epochs :73 8.414122e-11 2.687474e-11 5.1227512e-11 584.366 0.0 0.71141434 0.02844961555177855
epochs :74 8.414316e-11 2.685537e-11 5.1195152e-11 579.749 0.0 0.7142823 0.028407621362268966
epochs :75 8.402864e-11 2.6829924e-11 5.114553e-11 574.7123 0.0 0.7086275 0.028365097862825525
epochs :76 8.4049e-11 2.6804142e-11 5.1107597e-11 580.087 0.0 0.7132486 0.028322046732203177
epochs :77 8.4033135e-11 2.6774614e-11 5.1072258e-11 580.5382 0.0 0.71149033 0.028278469669986837
epochs :78 8.402657e-11 2.6748374e-11 5.103287e-11 574.68604 0.0 0.707354 0.02823436839652431
epochs :79 8.396712e-11 2.6721757e-11 5.09929e-11 574.29565 0.0 0.7051364 0.02818974465285835
epochs :80 8.402687e-11 2.6688951e-11 5.0961638e-11 581.39606 0.0 0.71421504 0.028144600200657958
epochs :81 8.399324e-11 2.6660302e-11 5.092047e-11 580.8216 0.0 0.7042493 0.028098936822148805
epochs :82 8.3990356e-11 2.6633062e-11 5.088248e-11 575.9383 0.0 0.71713376 0.028052756320042886
epochs :83 8.393415e-11 2.6616308e-11 5.084239e-11 583.1428 0.0 0.7056585 0.02800606051746735
epochs :84 8.391237e-11 2.6586832e-11 5.0803424e-11 581.4174 0.0 0.7133088 0.027958851257892527
epochs :85 8.392917e-11 2.6560013e-11 5.0767755e-11 581.8161 0.0 0.71219563 0.027911130405059156
epochs :86 8.3934616e-11 2.6533485e-11 5.0730562e-11 584.6944 0.0 0.71084684 0.027862899842904784
epochs :87 8.395767e-11 2.6497724e-11 5.0701617e-11 577.4182 0.0 0.71007735 0.027814161475489426
epochs :88 8.398459e-11 2.6467217e-11 5.066486e-11 589.15985 0.0 0.71211576 0.02776491722692038
epochs :89 8.3965015e-11 2.6444917e-11 5.0631086e-11 594.3135 0.0 0.71130335 0.027715169041276248
epochs :90 8.390484e-11 2.6419252e-11 5.0586826e-11 571.2869 0.0 0.7067952 0.027664918882530223
epochs :91 8.3887244e-11 2.6391448e-11 5.0551282e-11 577.16205 0.0 0.70727295 0.027614168734472533
epochs :92 8.38927e-11 2.6365141e-11 5.051403e-11 583.1661 0.0 0.71320903 0.02756292060063212
epochs :93 8.386707e-11 2.6336643e-11 5.0480814e-11 578.13824 0.0 0.70701027 0.027511176504197564
epochs :94 8.3848054e-11 2.631229e-11 5.0441578e-11 578.9795 0.0 0.709435 0.027458938487937186
epochs :95 8.3825016e-11 2.6284855e-11 5.040609e-11 573.02985 0.0 0.70383954 0.027406208614118424
epochs :96 8.38474e-11 2.6259448e-11 5.0369816e-11 579.0735 0.0 0.71873534 0.02735298896442641
epochs :97 8.37694e-11 2.6237516e-11 5.0333227e-11 575.59186 0.0 0.7138631 0.027299281639881785
epochs :98 8.3721495e-11 2.6210404e-11 5.0294456e-11 578.8002 0.0 0.70355713 0.02724508876075776
epochs :99 8.372566e-11 2.618722e-11 5.025852e-11 578.44336 0.0 0.7067927 0.027190412466496405
epochs :100 8.376702e-11 2.6155722e-11 5.0231937e-11 576.2369 0.0 0.71204597 0.027135254915624206
epochs :101 8.37445e-11 2.6136324e-11 5.0189006e-11 587.5923 0.0 0.7103905 0.02707961828566682
epochs :102 8.361918e-11 2.6112402e-11 5.0146023e-11 573.34125 0.0 0.7083309 0.02702350477306314
epochs :103 8.3613776e-11 2.60804e-11 5.01121e-11 578.7082 0.0 0.70457375 0.026966916593078556
epochs :104 8.3628764e-11 2.6061263e-11 5.0077897e-11 579.04254 0.0 0.70791566 0.02690985597971752
epochs :105 8.359113e-11 2.6030303e-11 5.0047997e-11 576.2925 0.0 0.7061773 0.026852325185635344
epochs :106 8.355717e-11 2.6009217e-11 5.0012463e-11 580.8011 0.0 0.71167684 0.026794326482049272
epochs :107 8.358346e-11 2.5975206e-11 4.9979552e-11 573.32666 0.0 0.70263064 0.026735862158648812
epochs :108 8.356497e-11 2.595609e-11 4.994692e-11 588.88214 0.0 0.7122996 0.026676934523505346
epochs :109 8.346875e-11 2.5931746e-11 4.990857e-11 590.0271 0.0 0.70982456 0.026617545902981002
epochs :110 8.344122e-11 2.590871e-11 4.9870864e-11 575.9006 0.0 0.7061064 0.026557698641636828
epochs :111 8.341083e-11 2.5881686e-11 4.983581e-11 578.7286 0.0 0.70977336 0.02649739510214024
epochs :112 8.340894e-11 2.5855245e-11 4.9806034e-11 575.6342 0.0 0.7077466 0.026436637665171712
epochs :113 8.331241e-11 2.5832315e-11 4.975083e-11 573.19257 0.0 0.7051646 0.02637542872933082
epochs :114 8.3299694e-11 2.5806959e-11 4.9718788e-11 579.5513 0.0 0.7109273 0.026313770711041552
epochs :115 8.331701e-11 2.577744e-11 4.968454e-11 573.09155 0.0 0.7049824 0.026251666044456886
epochs :116 8.326396e-11 2.575582e-11 4.965319e-11 580.6941 0.0 0.7072279 0.026189117181362725
epochs :117 8.322459e-11 2.573048e-11 4.9614528e-11 578.6168 0.0 0.70729166 0.02612612659108108
epochs :118 8.322902e-11 2.5708114e-11 4.9580524e-11 582.16125 0.0 0.71280396 0.026062696760372598
epochs :119 8.3189663e-11 2.5683998e-11 4.954526e-11 578.56854 0.0 0.705718 0.02599883019333839
epochs :120 8.315444e-11 2.5662205e-11 4.9508612e-11 578.7554 0.0 0.70569277 0.025934529411321162
epochs :121 8.312336e-11 2.5630406e-11 4.9472877e-11 576.7965 0.0 0.7085751 0.02586979695280569
epochs :122 8.311308e-11 2.5604121e-11 4.9444542e-11 575.2668 0.0 0.7089863 0.02580463537331859
epochs :123 8.3104024e-11 2.5578987e-11 4.9409483e-11 580.5066 0.0 0.7030525 0.025739047245327457
epochs :124 8.308897e-11 2.5555629e-11 4.9381905e-11 576.70984 0.0 0.707184 0.025673035158139273
epochs :125 8.308628e-11 2.553073e-11 4.934843e-11 583.1347 0.0 0.7047542 0.0256066017177982
epochs :126 8.307788e-11 2.5506007e-11 4.931878e-11 581.02637 0.0 0.7071301 0.025539749546982727
epochs :127 8.3025926e-11 2.5481792e-11 4.9285884e-11 575.24384 0.0 0.703685 0.02547248128490208
epochs :128 8.2982225e-11 2.5455851e-11 4.9252862e-11 580.39484 0.0 0.71184325 0.02540479958719206
epochs :129 8.300123e-11 2.5432796e-11 4.9225287e-11 577.9966 0.0 0.7118889 0.025336707125810213
epochs :130 8.299205e-11 2.54072e-11 4.919816e-11 580.6463 0.0 0.70284784 0.025268206588930316
epochs :131 8.2948856e-11 2.5383418e-11 4.9163704e-11 579.04706 0.0 0.7013016 0.02519930068083627
epochs :132 8.293143e-11 2.5358543e-11 4.9134835e-11 578.8396 0.0 0.70644444 0.02512999212181535
epochs :133 8.287798e-11 2.5337704e-11 4.910078e-11 580.9776 0.0 0.7043315 0.025060283648050786
epochs :134 8.2850976e-11 2.531404e-11 4.9070897e-11 588.6647 0.0 0.71068823 0.024990178011513757
epochs :135 8.280231e-11 2.5289616e-11 4.903889e-11 586.51245 0.0 0.70319796 0.02491967797985476
epochs :136 8.276598e-11 2.5264261e-11 4.9006153e-11 582.2091 0.0 0.70721847 0.02484878633629433
epochs :137 8.279031e-11 2.5238488e-11 4.8978654e-11 580.05615 0.0 0.7045251 0.024777505879513165
epochs :138 8.2745644e-11 2.5217174e-11 4.8950347e-11 579.93506 0.0 0.70603627 0.02470583942354165
epochs :139 8.274104e-11 2.5190208e-11 4.8918772e-11 578.7736 0.0 0.70725113 0.02463378979764875
epochs :140 8.277422e-11 2.5166676e-11 4.8891266e-11 583.6986 0.0 0.7048781 0.02456135984623033
epochs :141 8.2694206e-11 2.5141392e-11 4.8857484e-11 580.74243 0.0 0.70013916 0.024488552428696853
epochs :142 8.264547e-11 2.5115465e-11 4.882573e-11 578.40356 0.0 0.71455413 0.024415370419360493
epochs :143 8.2646744e-11 2.50931e-11 4.8796567e-11 585.29004 0.0 0.7010427 0.024341816707321676
epochs :144 8.259142e-11 2.5071759e-11 4.8765252e-11 584.921 0.0 0.7052144 0.024267894196355003
epochs :145 8.266548e-11 2.50525e-11 4.8735117e-11 586.30676 0.0 0.70490694 0.02419360580479464
epochs :146 8.251536e-11 2.5032957e-11 4.869305e-11 579.8621 0.0 0.70197666 0.024118954465419073
epochs :147 8.246613e-11 2.5016687e-11 4.8661106e-11 577.9367 0.0 0.7018884 0.024043943125335362
epochs :148 8.245323e-11 2.4998512e-11 4.8630253e-11 576.68115 0.0 0.70104444 0.023968574745862774
epochs :149 8.241329e-11 2.497344e-11 4.8597844e-11 579.63727 0.0 0.70788276 0.02389285230241588
epochs :150 8.2357045e-11 2.49533e-11 4.856446e-11 575.2933 0.0 0.70815957 0.023816778784387087
epochs :151 8.234808e-11 2.4934508e-11 4.8530704e-11 579.7708 0.0 0.70590323 0.023740357195028632
epochs :152 8.2297856e-11 2.4917962e-11 4.850152e-11 576.3954 0.0 0.7016312 0.023663590551334
epochs :153 8.224952e-11 2.4901851e-11 4.846868e-11 574.4176 0.0 0.70521295 0.02358648188391885
epochs :154 8.223696e-11 2.4880398e-11 4.8442132e-11 581.949 0.0 0.70414716 0.023509034236901337
epochs :155 8.222613e-11 2.4861235e-11 4.8411337e-11 573.67096 0.0 0.6999843 0.023431250667781945
epochs :156 8.217721e-11 2.4838529e-11 4.8381396e-11 577.59314 0.0 0.70590115 0.023353134247322806
epochs :157 8.212613e-11 2.4822618e-11 4.8351694e-11 578.815 0.0 0.7035271 0.02327468805942644
epochs :158 8.210734e-11 2.479877e-11 4.8320056e-11 571.40393 0.0 0.70318884 0.023195915201014022
epochs :159 8.207274e-11 2.4780757e-11 4.8293678e-11 579.94037 0.0 0.7019385 0.023116818781903123
epochs :160 8.208839e-11 2.475836e-11 4.8268962e-11 586.85535 0.0 0.70773655 0.023037401924684935
epochs :161 8.208603e-11 2.4739103e-11 4.8239242e-11 580.9307 0.0 0.7012207 0.022957667764600998
epochs :162 8.199621e-11 2.4721409e-11 4.820768e-11 571.9941 0.0 0.70172185 0.022877619449419424
epochs :163 8.202281e-11 2.470402e-11 4.8181167e-11 576.7388 0.0 0.70411485 0.02279726013931063
epochs :164 8.1980284e-11 2.468155e-11 4.8150133e-11 581.2993 0.0 0.7022096 0.022716593006722588
epochs :165 8.195479e-11 2.4663105e-11 4.812209e-11 574.4282 0.0 0.70573056 0.02263562123625556
epochs :166 8.1912734e-11 2.4644486e-11 4.809359e-11 579.90454 0.0 0.69928044 0.0225543480245364
epochs :167 8.1868075e-11 2.4625125e-11 4.8065246e-11 578.02124 0.0 0.7055976 0.022472776580092352
epochs :168 8.185917e-11 2.4601233e-11 4.8039028e-11 576.8395 0.0 0.7007892 0.022390910123224365
epochs :169 8.18559e-11 2.4585564e-11 4.8009485e-11 574.4821 0.0 0.70012283 0.022308751885879975
epochs :170 8.177976e-11 2.4562498e-11 4.797812e-11 578.4358 0.0 0.70641875 0.022226305111525718
epochs :171 8.177786e-11 2.4546531e-11 4.7952062e-11 578.8288 0.0 0.70295894 0.022143573055019076
epochs :172 8.171051e-11 2.45251e-11 4.7923387e-11 576.76416 0.0 0.7036342 0.022060558982479977
epochs :173 8.169883e-11 2.4506348e-11 4.789899e-11 580.3783 0.0 0.7021141 0.021977266171161865
epochs :174 8.171518e-11 2.4489058e-11 4.7876023e-11 575.44165 0.0 0.70076346 0.02189369790932231
epochs :175 8.16725e-11 2.4473696e-11 4.7846584e-11 576.0056 0.0 0.70018727 0.02180985749609319
epochs :176 8.1671406e-11 2.4456853e-11 4.7821535e-11 580.02765 0.0 0.6990166 0.021725748241350477
epochs :177 8.167811e-11 2.4442674e-11 4.7798664e-11 588.1156 0.0 0.7030934 0.02164137346558351
epochs :178 8.165988e-11 2.4426686e-11 4.7774323e-11 584.5068 0.0 0.7034292 0.02155673649976398
epochs :179 8.168045e-11 2.440587e-11 4.774793e-11 580.0971 0.0 0.7045604 0.021471840685214374
epochs :180 8.1694616e-11 2.4389813e-11 4.773115e-11 574.72614 0.0 0.6985602 0.021386689373476077
epochs :181 8.1637e-11 2.4377535e-11 4.770093e-11 583.2885 0.0 0.7022643 0.02130128592617708
epochs :182 8.163902e-11 2.4362198e-11 4.7678354e-11 582.56683 0.0 0.70181924 0.02121563371489925
epochs :183 8.160615e-11 2.4346454e-11 4.7651456e-11 584.85486 0.0 0.7010724 0.021129736121045222
epochs :184 8.162952e-11 2.43283e-11 4.7629727e-11 578.3532 0.0 0.6982777 0.021043596535704926
epochs :185 8.159792e-11 2.4313601e-11 4.7603903e-11 586.38544 0.0 0.703014 0.020957218359521697
epochs :186 8.162438e-11 2.4299226e-11 4.758235e-11 574.98346 0.0 0.70225126 0.020870605002558024
epochs :187 8.164619e-11 2.4278288e-11 4.7558173e-11 577.9587 0.0 0.7034061 0.02078375988416093
epochs :188 8.161564e-11 2.4265416e-11 4.753349e-11 578.30383 0.0 0.70388037 0.020696686432827002
epochs :189 8.160103e-11 2.4250978e-11 4.7510492e-11 583.87787 0.0 0.698632 0.02060938808606699
epochs :190 8.156774e-11 2.4237154e-11 4.7482622e-11 579.7197 0.0 0.70152855 0.020521868290270154
epochs :191 8.153661e-11 2.4222546e-11 4.745691e-11 585.1468 0.0 0.69821906 0.020434130500568172
epochs :192 8.1504734e-11 2.4206895e-11 4.743228e-11 572.4979 0.0 0.699722 0.020346178180698744
epochs :193 8.1517515e-11 2.419115e-11 4.7409174e-11 579.5674 0.0 0.702335 0.02025801480286887
epochs :194 8.155123e-11 2.4172008e-11 4.7391254e-11 576.99146 0.0 0.6974624 0.020169643847617744
epochs :195 8.152216e-11 2.4156338e-11 4.7365674e-11 575.4048 0.0 0.7012133 0.02008106880367936
epochs :196 8.152356e-11 2.4141647e-11 4.7344503e-11 577.3481 0.0 0.70016044 0.019992293167844788
epochs :197 8.151237e-11 2.4128208e-11 4.7321952e-11 581.8026 0.0 0.70147157 0.01990332044482413
epochs :198 8.1511894e-11 2.4114771e-11 4.7299855e-11 576.3889 0.0 0.6996741 0.01981415414710813
epochs :199 8.149076e-11 2.4100106e-11 4.727762e-11 582.69867 0.0 0.69987863 0.019724797794829562
epochs :200 8.150864e-11 2.407929e-11 4.7255033e-11 589.5059 0.0 0.70301324 0.019635254915624203
epochs :201 8.148625e-11 2.4065472e-11 4.723295e-11 575.9793 0.0 0.70057195 0.019545529044491604
epochs :202 8.1487955e-11 2.4049866e-11 4.7210413e-11 572.90656 0.0 0.6975534 0.019455623723655516
epochs :203 8.148143e-11 2.4037532e-11 4.718718e-11 577.836 0.0 0.69930667 0.01936554250242407
epochs :204 8.145579e-11 2.4021904e-11 4.7165126e-11 578.90515 0.0 0.6986523 0.019275288937049634
epochs :205 8.147009e-11 2.4007336e-11 4.7143053e-11 573.4089 0.0 0.70062435 0.019184866590588434
epochs :206 8.141183e-11 2.39931e-11 4.711685e-11 574.8118 0.0 0.6999376 0.019094279032759873
epochs :207 8.1439015e-11 2.3976312e-11 4.7095532e-11 580.7283 0.0 0.69803643 0.01900352983980563
epochs :208 8.139568e-11 2.3963283e-11 4.7071277e-11 583.2105 0.0 0.701041 0.018912622594348446
epochs :209 8.136465e-11 2.3945415e-11 4.7047366e-11 575.7007 0.0 0.6984403 0.018821560885250728
epochs :210 8.141664e-11 2.392921e-11 4.7029984e-11 572.175 0.0 0.6991301 0.018730348307472815
epochs :211 8.1435594e-11 2.3913515e-11 4.70097e-11 574.0701 0.0 0.69770765 0.018638988461931107
epochs :212 8.138652e-11 2.389728e-11 4.6985794e-11 574.3282 0.0 0.7005331 0.018547484955355867
epochs :213 8.13977e-11 2.3881517e-11 4.6964144e-11 581.82947 0.0 0.69727165 0.018455841400148856
epochs :214 8.138715e-11 2.3867078e-11 4.6941725e-11 576.9395 0.0 0.6988504 0.018364061414240712
epochs :215 8.1339976e-11 2.3853699e-11 4.6918924e-11 585.3147 0.0 0.6997798 0.018272148620948135
epochs :216 8.133732e-11 2.3838828e-11 4.689718e-11 576.77765 0.0 0.6958781 0.018180106648830817
epochs :217 8.13766e-11 2.3822961e-11 4.6878165e-11 580.53674 0.0 0.6999685 0.018087939131548214
epochs :218 8.13229e-11 2.3808153e-11 4.685548e-11 577.2907 0.0 0.69840926 0.0179956497077161
epochs :219 8.128832e-11 2.3794265e-11 4.6834814e-11 585.6666 0.0 0.700134 0.017903242020762898
epochs :220 8.1295914e-11 2.3779246e-11 4.68159e-11 576.94775 0.0 0.69669145 0.017810719718785863
epochs :221 8.130149e-11 2.3763424e-11 4.6797167e-11 577.6986 0.0 0.69669443 0.017718086454407055
epochs :222 8.124848e-11 2.3749966e-11 4.6772596e-11 577.9686 0.0 0.69801396 0.017625345884629138
epochs :223 8.1232375e-11 2.3736605e-11 4.6754437e-11 583.6359 0.0 0.7004827 0.017532501670691
epochs :224 8.124182e-11 2.3719995e-11 4.673597e-11 577.84753 0.0 0.6975697 0.01743955747792325
epochs :225 8.124817e-11 2.3702493e-11 4.6716662e-11 577.6016 0.0 0.6980812 0.01734651697560346
epochs :226 8.1194426e-11 2.3691469e-11 4.6694933e-11 579.691 0.0 0.6963745 0.01725338383681135
epochs :227 8.116329e-11 2.3679137e-11 4.6677176e-11 582.5411 0.0 0.6986615 0.017160161738283778
epochs :228 8.117321e-11 2.3662653e-11 4.6658125e-11 574.2362 0.0 0.6980834 0.017066854360269567
epochs :229 8.116127e-11 2.3648626e-11 4.664107e-11 583.0193 0.0 0.69824344 0.01697346538638423
epochs :230 8.112012e-11 2.3635547e-11 4.6620107e-11 575.66003 0.0 0.69782394 0.016879998503464555
epochs :231 8.1102305e-11 2.362117e-11 4.660011e-11 572.76996 0.0 0.69907826 0.01678645740142304
epochs :232 8.10553e-11 2.3606575e-11 4.6581516e-11 581.3923 0.0 0.6958989 0.016692845773102215
epochs :233 8.1050826e-11 2.3593162e-11 4.6562688e-11 586.0228 0.0 0.69703007 0.01659916731412889
epochs :234 8.1052075e-11 2.3576249e-11 4.654437e-11 583.9736 0.0 0.6949279 0.016505425722768214
epochs :235 8.100076e-11 2.355993e-11 4.6524163e-11 587.4666 0.0 0.69827706 0.016411624699777708
epochs :236 8.099426e-11 2.3524861e-11 4.650641e-11 581.44556 0.0 0.69636434 0.016317767948261144
epochs :237 8.0999825e-11 2.3493828e-11 4.648847e-11 577.6638 0.0 0.6994755 0.01622385917352236
epochs :238 8.09929e-11 2.3475286e-11 4.647417e-11 572.278 0.0 0.6958642 0.016129902082918986
epochs :239 8.0975726e-11 2.3454206e-11 4.645679e-11 576.54663 0.0 0.6966582 0.016035900385716083
epochs :240 8.095442e-11 2.3427517e-11 4.643759e-11 575.8405 0.0 0.69754416 0.015941857792939693
epochs :241 8.0936355e-11 2.3416257e-11 4.6417988e-11 581.3331 0.0 0.69704956 0.01584777801723036
epochs :242 8.087755e-11 2.3417419e-11 4.639573e-11 584.1938 0.0 0.69538575 0.015753664772696536
epochs :243 8.086323e-11 2.3390453e-11 4.637591e-11 583.81805 0.0 0.69539535 0.015659521774767964
epochs :244 8.084825e-11 2.3376362e-11 4.6357855e-11 577.6185 0.0 0.69466144 0.01556535274004901
epochs :245 8.080493e-11 2.3354837e-11 4.634037e-11 579.3122 0.0 0.69611937 0.015471161386171916
epochs :246 8.079277e-11 2.3330256e-11 4.632162e-11 578.83813 0.0 0.6955677 0.015376951431650054
epochs :247 8.078351e-11 2.332505e-11 4.6301452e-11 583.4577 0.0 0.6966273 0.015282726595731115
epochs :248 8.074932e-11 2.3314553e-11 4.6285673e-11 582.0044 0.0 0.69523305 0.015188490598250282
epochs :249 8.0728216e-11 2.3285807e-11 4.6269922e-11 587.6704 0.0 0.6964457 0.015094247159483376
epochs :250 8.072114e-11 2.3272792e-11 4.6251426e-11 579.5998 0.0 0.69539535 0.01499999999999999
epochs :251 8.0679255e-11 2.3248877e-11 4.6234468e-11 577.60144 0.0 0.6948315 0.014905752840516607
epochs :252 8.0672184e-11 2.3230529e-11 4.6217655e-11 585.74915 0.0 0.6988412 0.014811509401749702
epochs :253 8.066341e-11 2.321436e-11 4.620052e-11 580.8773 0.0 0.69395185 0.014717273404268868
epochs :254 8.065204e-11 2.319701e-11 4.6184657e-11 577.52405 0.0 0.69714403 0.014623048568349931
epochs :255 8.060376e-11 2.3183826e-11 4.6165554e-11 583.587 0.0 0.6951105 0.014528838613828069
epochs :256 8.057531e-11 2.3173222e-11 4.6146593e-11 577.94977 0.0 0.69250953 0.014434647259950974
epochs :257 8.058408e-11 2.3154709e-11 4.613113e-11 579.65784 0.0 0.69461226 0.014340478225232023
epochs :258 8.055518e-11 2.3135419e-11 4.6114734e-11 578.78705 0.0 0.6938112 0.014246335227303451
epochs :259 8.056457e-11 2.3105474e-11 4.609862e-11 579.1717 0.0 0.6950717 0.014152221982769626
epochs :260 8.051049e-11 2.3096483e-11 4.6080504e-11 575.4561 0.0 0.69413185 0.014058142207060297
epochs :261 8.0506345e-11 2.3075127e-11 4.6061575e-11 579.61566 0.0 0.6980594 0.013964099614283909
epochs :262 8.0512465e-11 2.3056564e-11 4.6049345e-11 579.0278 0.0 0.69459337 0.013870097917081001
epochs :263 8.0482385e-11 2.3046585e-11 4.602998e-11 588.7328 0.0 0.6962233 0.01377614082647763
epochs :264 8.042882e-11 2.3030765e-11 4.6012243e-11 584.55475 0.0 0.69431186 0.013682232051738847
epochs :265 8.04089e-11 2.3007977e-11 4.5994063e-11 572.3204 0.0 0.69306976 0.013588375300222279
epochs :266 8.0407514e-11 2.3000345e-11 4.5977704e-11 580.1154 0.0 0.6948968 0.013494574277231771
epochs :267 8.0369336e-11 2.2983851e-11 4.5961235e-11 574.7073 0.0 0.6934478 0.013400832685871094
epochs :268 8.035844e-11 2.2960892e-11 4.5944235e-11 577.932 0.0 0.69597185 0.013307154226897768
epochs :269 8.034879e-11 2.2946181e-11 4.5927723e-11 578.7603 0.0 0.69338036 0.01321354259857695
epochs :270 8.03606e-11 2.2931304e-11 4.591454e-11 579.2389 0.0 0.69341767 0.013120001496535432
epochs :271 8.0352315e-11 2.2918972e-11 4.589913e-11 587.74274 0.0 0.6946152 0.013026534613615756
epochs :272 8.037162e-11 2.2892455e-11 4.5884997e-11 571.5586 0.0 0.6926962 0.012933145639730423
epochs :273 8.038527e-11 2.2867753e-11 4.5873125e-11 578.8713 0.0 0.6948385 0.01283983826171621
epochs :274 8.0389265e-11 2.2860783e-11 4.5857054e-11 579.9568 0.0 0.6925497 0.012746616163188637
epochs :275 8.035844e-11 2.2846308e-11 4.584226e-11 576.53735 0.0 0.69267714 0.012653483024396532
epochs :276 8.0350636e-11 2.2831709e-11 4.582801e-11 573.956 0.0 0.693936 0.012560442522076741
epochs :277 8.03514e-11 2.2807643e-11 4.5814075e-11 579.3603 0.0 0.69393307 0.012467498329308987
epochs :278 8.0353536e-11 2.2798076e-11 4.5800645e-11 580.1631 0.0 0.6932501 0.012374654115370856
epochs :279 8.031922e-11 2.2792686e-11 4.578435e-11 576.25433 0.0 0.6939005 0.012281913545592936
epochs :280 8.033562e-11 2.2770261e-11 4.5771643e-11 580.7573 0.0 0.69254273 0.012189280281214125
epochs :281 8.031645e-11 2.276705e-11 4.575367e-11 581.19556 0.0 0.69471896 0.012096757979237094
epochs :282 8.030896e-11 2.2748862e-11 4.5740845e-11 583.17596 0.0 0.6935948 0.01200435029228389
epochs :283 8.031723e-11 2.2730645e-11 4.572682e-11 575.5354 0.0 0.6933537 0.011912060868451771
epochs :284 8.030636e-11 2.2717557e-11 4.571262e-11 575.6117 0.0 0.692133 0.011819893351169175
epochs :285 8.0309114e-11 2.2706422e-11 4.5698955e-11 582.4416 0.0 0.69383955 0.011727851379051857
epochs :286 8.029242e-11 2.2686594e-11 4.5685372e-11 581.516 0.0 0.6950478 0.011635938585759275
epochs :287 8.027296e-11 2.2673882e-11 4.567086e-11 579.89996 0.0 0.69141895 0.011544158599851136
epochs :288 8.027035e-11 2.2663368e-11 4.565582e-11 579.6047 0.0 0.6930097 0.011452515044644123
epochs :289 8.0280636e-11 2.2642803e-11 4.5643444e-11 579.35974 0.0 0.6918076 0.011361011538068882
epochs :290 8.0261485e-11 2.2626442e-11 4.5630093e-11 581.41296 0.0 0.69135135 0.011269651692527175
epochs :291 8.0251694e-11 2.2616778e-11 4.5616223e-11 580.1265 0.0 0.6927083 0.011178439114749264
epochs :292 8.0256746e-11 2.260104e-11 4.5603344e-11 576.43195 0.0 0.6922466 0.01108737740565154
epochs :293 8.026455e-11 2.2594612e-11 4.5587964e-11 577.1655 0.0 0.69208986 0.010996470160194364
epochs :294 8.0248155e-11 2.2571523e-11 4.5575807e-11 583.20685 0.0 0.6921707 0.010905720967240113
epochs :295 8.0242354e-11 2.2561755e-11 4.556122e-11 583.59 0.0 0.692529 0.010815133409411553
epochs :296 8.0223536e-11 2.2558186e-11 4.554646e-11 578.55676 0.0 0.69231254 0.010724711062950351
epochs :297 8.0209756e-11 2.2550784e-11 4.553087e-11 575.6591 0.0 0.6928497 0.010634457497575916
epochs :298 8.017076e-11 2.2534145e-11 4.551681e-11 574.9531 0.0 0.69248456 0.01054437627634447
epochs :299 8.0196905e-11 2.2523492e-11 4.5503695e-11 583.9814 0.0 0.69119793 0.010454470955508386
epochs :300 8.016509e-11 2.2515843e-11 4.5488852e-11 576.879 0.0 0.6924143 0.010364745084375784
epochs :301 8.01677e-11 2.2493908e-11 4.5476702e-11 582.3832 0.0 0.6933054 0.010275202205170423
epochs :302 8.015563e-11 2.2486783e-11 4.5464035e-11 576.0716 0.0 0.6912992 0.010185845852891855
epochs :303 8.0138646e-11 2.246865e-11 4.545175e-11 574.72723 0.0 0.69088185 0.010096679555175861
epochs :304 8.0136675e-11 2.2458283e-11 4.5438767e-11 575.781 0.0 0.69105786 0.010007706832155197
epochs :305 8.011665e-11 2.2454982e-11 4.5425018e-11 577.1467 0.0 0.6911519 0.009918931196320625
epochs :306 8.009892e-11 2.2448174e-11 4.5411834e-11 578.0057 0.0 0.6924379 0.009830356152382239
epochs :307 8.0082864e-11 2.2434568e-11 4.539967e-11 580.6143 0.0 0.69114935 0.009741985197131108
epochs :308 8.006807e-11 2.2426741e-11 4.5386243e-11 582.55115 0.0 0.69101655 0.009653821819301234
epochs :309 8.00725e-11 2.2410183e-11 4.537594e-11 577.5006 0.0 0.691131 0.00956586949943181
epochs :310 8.007204e-11 2.239852e-11 4.5364938e-11 576.46027 0.0 0.69098747 0.009478131709729824
epochs :311 8.003737e-11 2.2392026e-11 4.5351667e-11 574.0894 0.0 0.6909279 0.009390611913932988
epochs :312 8.0061346e-11 2.2375804e-11 4.53405e-11 573.2385 0.0 0.69164926 0.009303313567172978
epochs :313 8.004945e-11 2.2371235e-11 4.5328945e-11 578.8312 0.0 0.6917268 0.009216240115839045
epochs :314 8.002088e-11 2.2367613e-11 4.5317503e-11 584.5966 0.0 0.69136095 0.00912939499744196
epochs :315 8.004013e-11 2.23517e-11 4.530742e-11 578.91956 0.0 0.69070935 0.009042781640478281
epochs :316 8.001601e-11 2.2348722e-11 4.5295125e-11 577.0601 0.0 0.6904513 0.008956403464295052
epochs :317 8.001188e-11 2.233909e-11 4.5284155e-11 580.9274 0.0 0.6907698 0.008870263878954758
epochs :318 7.999829e-11 2.2333465e-11 4.527229e-11 583.0785 0.0 0.6917853 0.00878436628510073
epochs :319 7.9989765e-11 2.232597e-11 4.5260847e-11 579.7495 0.0 0.6909661 0.008698714073822897
epochs :320 7.99687e-11 2.2318604e-11 4.5248e-11 586.7707 0.0 0.6907304 0.008613310626523901
epochs :321 7.997649e-11 2.2311627e-11 4.523822e-11 583.9651 0.0 0.69087553 0.008528159314785611
epochs :322 7.9965645e-11 2.2304518e-11 4.5225775e-11 574.79724 0.0 0.6900537 0.008443263500236001
epochs :323 7.993165e-11 2.2301116e-11 4.5213434e-11 579.3791 0.0 0.68954307 0.008358626534416472
epochs :324 7.994477e-11 2.229044e-11 4.5202776e-11 579.9771 0.0 0.69082874 0.008274251758649511
epochs :325 7.992098e-11 2.2283257e-11 4.5191257e-11 575.8723 0.0 0.6914876 0.00819014250390679
epochs :326 7.9906054e-11 2.2273185e-11 4.518107e-11 577.22784 0.0 0.69018584 0.008106302090677675
epochs :327 7.9896444e-11 2.2273485e-11 4.5168612e-11 579.35223 0.0 0.69200355 0.008022733828838117
epochs :328 7.988638e-11 2.2267452e-11 4.5159054e-11 579.7732 0.0 0.6921031 0.007939441017520008
epochs :329 7.986263e-11 2.2264607e-11 4.5149183e-11 574.8054 0.0 0.69074154 0.007856426944980904
epochs :330 7.9858974e-11 2.225786e-11 4.5140013e-11 579.72784 0.0 0.69009525 0.0077736948884742675
epochs :331 7.9876335e-11 2.224933e-11 4.5131347e-11 581.3186 0.0 0.68969345 0.0076912481141200115
epochs :332 7.985577e-11 2.2246226e-11 4.5122503e-11 575.56134 0.0 0.6910501 0.007609089876775617
epochs :333 7.98317e-11 2.2242536e-11 4.5113132e-11 580.1583 0.0 0.6895333 0.007527223419907632
epochs :334 7.9832314e-11 2.2230913e-11 4.5106988e-11 582.32086 0.0 0.6898188 0.007445651975463582
epochs :335 7.983552e-11 2.2226634e-11 4.5099282e-11 577.5017 0.0 0.69009143 0.007364378763744423
epochs :336 7.980463e-11 2.2226295e-11 4.5091073e-11 576.5229 0.0 0.6894125 0.0072834069932773944
epochs :337 7.9793054e-11 2.2221081e-11 4.508274e-11 577.53015 0.0 0.6895233 0.007202739860689354
epochs :338 7.978909e-11 2.222006e-11 4.5075492e-11 577.72296 0.0 0.6895763 0.0071223805505805544
epochs :339 7.977325e-11 2.2212059e-11 4.5067696e-11 577.3523 0.0 0.68971765 0.007042332235398985
epochs :340 7.974831e-11 2.2215191e-11 4.5058735e-11 581.69037 0.0 0.68974423 0.006962598075315046
epochs :341 7.973781e-11 2.2208029e-11 4.505306e-11 579.28674 0.0 0.689967 0.006883181218096856
epochs :342 7.972929e-11 2.220769e-11 4.5044163e-11 581.10565 0.0 0.6901844 0.006804084798985957
epochs :343 7.969629e-11 2.2207009e-11 4.503626e-11 579.3131 0.0 0.6891474 0.00672531194057354
epochs :344 7.96986e-11 2.2194564e-11 4.503007e-11 572.7837 0.0 0.6902399 0.006646865752677172
epochs :345 7.96694e-11 2.2197948e-11 4.5021577e-11 580.1526 0.0 0.68895257 0.006568749332218033
epochs :346 7.965286e-11 2.219393e-11 4.5013365e-11 581.7776 0.0 0.6907258 0.00649096576309865
epochs :347 7.9638414e-11 2.2191013e-11 4.5006176e-11 575.94354 0.0 0.68911636 0.006413518116081129
epochs :348 7.963901e-11 2.218534e-11 4.4999716e-11 578.7203 0.0 0.688897 0.006336409448665983
epochs :349 7.9617146e-11 2.2183099e-11 4.4992555e-11 580.8504 0.0 0.68935853 0.006259642804971355
epochs :350 7.9593e-11 2.21839e-11 4.4984762e-11 581.36646 0.0 0.6899254 0.006183221215612899
epochs :351 7.957599e-11 2.218339e-11 4.497765e-11 575.3106 0.0 0.6894907 0.006107147697584106
epochs :352 7.954613e-11 2.217895e-11 4.4971037e-11 580.63104 0.0 0.6892925 0.006031425254137217
epochs :353 7.954323e-11 2.2171253e-11 4.496512e-11 580.2282 0.0 0.6891347 0.005956056874664623
epochs :354 7.95414e-11 2.2168208e-11 4.4959553e-11 580.0722 0.0 0.689282 0.005881045534580913
epochs :355 7.949908e-11 2.2171086e-11 4.4951973e-11 582.69885 0.0 0.68891203 0.005806394195205352
epochs :356 7.948984e-11 2.2169565e-11 4.494582e-11 577.5193 0.0 0.68923396 0.005732105803644978
epochs :357 7.947892e-11 2.2164616e-11 4.4939177e-11 577.23224 0.0 0.6887175 0.005658183292678311
epochs :358 7.9455574e-11 2.2164826e-11 4.4932835e-11 577.14624 0.0 0.6892144 0.005584629580639491
epochs :359 7.943255e-11 2.216039e-11 4.4928505e-11 580.26746 0.0 0.6892367 0.005511447571303131
epochs :360 7.941042e-11 2.2163554e-11 4.4921938e-11 580.75256 0.0 0.6894685 0.005438640153769651
epochs :361 7.9391674e-11 2.2159417e-11 4.491686e-11 575.96204 0.0 0.68918264 0.005366210202351236
epochs :362 7.937561e-11 2.2154636e-11 4.4912036e-11 579.5951 0.0 0.6891457 0.005294160576458331
epochs :363 7.936532e-11 2.215202e-11 4.4906513e-11 580.26874 0.0 0.6887445 0.0052224941204868135
epochs :364 7.9340624e-11 2.2150077e-11 4.490105e-11 580.537 0.0 0.68948525 0.005151213663705652
epochs :365 7.932475e-11 2.2145471e-11 4.489723e-11 579.8356 0.0 0.68899447 0.005080322020145216
epochs :366 7.930858e-11 2.2145518e-11 4.4891993e-11 578.73755 0.0 0.68863475 0.005009821988486224
epochs :367 7.928859e-11 2.2139646e-11 4.48879e-11 578.94147 0.0 0.6887683 0.0049397163519491975
epochs :368 7.9258974e-11 2.2142599e-11 4.488221e-11 581.12585 0.0 0.68883044 0.004870007878184631
epochs :369 7.925141e-11 2.2136057e-11 4.4878462e-11 576.8895 0.0 0.6885415 0.00480069931916371
epochs :370 7.923962e-11 2.213428e-11 4.4873306e-11 574.8029 0.0 0.6883207 0.004731793411069672
epochs :371 7.9208036e-11 2.2131748e-11 4.4869473e-11 582.21454 0.0 0.6885349 0.0046632928741897695
epochs :372 7.920789e-11 2.2129852e-11 4.4864844e-11 580.0375 0.0 0.68832004 0.0045952004128079265
epochs :373 7.916878e-11 2.2130943e-11 4.4859616e-11 577.43066 0.0 0.6884341 0.004527518715097911
epochs :374 7.9169976e-11 2.2124783e-11 4.485596e-11 579.59283 0.0 0.68828595 0.004460250453017257
epochs :375 7.9160296e-11 2.2125714e-11 4.4852785e-11 578.3667 0.0 0.68826455 0.004393398282201786
epochs :376 7.916046e-11 2.212364e-11 4.4849187e-11 581.10693 0.0 0.6884682 0.004326964841860717
epochs :377 7.9159866e-11 2.2121955e-11 4.484555e-11 581.11334 0.0 0.6888752 0.0042609527546725295
epochs :378 7.9158194e-11 2.2119974e-11 4.484289e-11 581.1457 0.0 0.68888265 0.0041953646266813934
epochs :379 7.915381e-11 2.2118498e-11 4.483977e-11 577.5613 0.0 0.6879197 0.0041302030471943
epochs :380 7.91576e-11 2.211719e-11 4.483635e-11 580.8147 0.0 0.6882689 0.0040654705886788225
epochs :381 7.915698e-11 2.2116347e-11 4.4833706e-11 579.79816 0.0 0.68846315 0.0040011698066616
epochs :382 7.915564e-11 2.2113776e-11 4.4831062e-11 577.0194 0.0 0.68808377 0.0039373032396273905
epochs :383 7.914794e-11 2.2113943e-11 4.4827867e-11 580.7947 0.0 0.68891335 0.0038738734089189112
epochs :384 7.9149444e-11 2.2110393e-11 4.4825883e-11 577.5642 0.0 0.6882714 0.003810882818637266
epochs :385 7.914823e-11 2.2112086e-11 4.4822746e-11 584.40247 0.0 0.6881912 0.0037483339555431034
epochs :386 7.9148084e-11 2.2106608e-11 4.482044e-11 578.903 0.0 0.6887406 0.0036862292889584393
epochs :387 7.914219e-11 2.2109174e-11 4.4817608e-11 577.4931 0.0 0.6878052 0.003624571270669169
epochs :388 7.913962e-11 2.210669e-11 4.4815398e-11 578.3219 0.0 0.6880188 0.0035633623348282823
epochs :389 7.91351e-11 2.2106223e-11 4.4812654e-11 579.4627 0.0 0.68803203 0.003502604897859748
epochs :390 7.913677e-11 2.2104407e-11 4.4810888e-11 580.13226 0.0 0.6883319 0.00344230135836316
epochs :391 7.912423e-11 2.2104492e-11 4.480828e-11 580.63196 0.0 0.68814695 0.0033824540970189914
epochs :392 7.912211e-11 2.2104664e-11 4.4805944e-11 579.4903 0.0 0.68788 0.003323065476494647
epochs :393 7.911367e-11 2.2105043e-11 4.480331e-11 578.3547 0.0 0.68798643 0.0032641378413511756
epochs :394 7.911684e-11 2.2102008e-11 4.4801236e-11 577.53235 0.0 0.6878987 0.0032056735179507184
epochs :395 7.912905e-11 2.2098382e-11 4.48002e-11 575.77313 0.0 0.68786496 0.0031476748143646413
epochs :396 7.9123014e-11 2.2098382e-11 4.479848e-11 577.09827 0.0 0.6881501 0.003090144020282467
epochs :397 7.912062e-11 2.2099182e-11 4.4796757e-11 576.81445 0.0 0.688435 0.0030330834069214347
epochs :398 7.9129356e-11 2.2097834e-11 4.479561e-11 579.53424 0.0 0.6881017 0.002976495226936847
epochs :399 7.91265e-11 2.2098382e-11 4.4794248e-11 574.50665 0.0 0.6883215 0.0029203817143331695
epochs :400 7.912604e-11 2.2097331e-11 4.479261e-11 577.4078 0.0 0.6874308 0.0028647450843757877
epochs :401 7.913539e-11 2.2095726e-11 4.4791344e-11 577.9904 0.0 0.68808854 0.0028095875335035886
epochs :402 7.913465e-11 2.2095565e-11 4.4790033e-11 578.9354 0.0 0.6881392 0.002754911239242239
epochs :403 7.9132985e-11 2.209745e-11 4.4788877e-11 579.2908 0.0 0.6879832 0.002700718360118216
epochs :404 7.913842e-11 2.2093829e-11 4.478867e-11 581.19354 0.0 0.6878263 0.0026470110355735865
epochs :405 7.9138876e-11 2.2095431e-11 4.4788038e-11 577.39264 0.0 0.68791 0.0025937913858815726
epochs :406 7.914205e-11 2.2095265e-11 4.4787698e-11 577.07764 0.0 0.6879911 0.00254106151206281
epochs :407 7.914355e-11 2.2094585e-11 4.478799e-11 577.3833 0.0 0.6873981 0.002488823495802428
epochs :408 7.914912e-11 2.2092862e-11 4.478815e-11 583.9415 0.0 0.6878971 0.002437079399367874
epochs :409 7.9142644e-11 2.2094e-11 4.478842e-11 579.3057 0.0 0.68797493 0.002385831265527463
epochs :410 7.915624e-11 2.2090918e-11 4.4788572e-11 577.6011 0.0 0.68728817 0.0023350811174697723
epochs :411 7.9150964e-11 2.2092272e-11 4.4788874e-11 578.615 0.0 0.68760216 0.00228483095872375
epochs :412 7.914912e-11 2.2091896e-11 4.4788725e-11 578.2883 0.0 0.68760496 0.0022350827730796227
epochs :413 7.915305e-11 2.2091431e-11 4.4788846e-11 581.46857 0.0 0.68776923 0.00218583852451057
epochs :414 7.9150964e-11 2.2092777e-11 4.478876e-11 580.27924 0.0 0.6877324 0.0021371001570952173
epochs :415 7.91588e-11 2.2091131e-11 4.478898e-11 581.4104 0.0 0.68786263 0.002088869594940846
epochs :416 7.9156834e-11 2.2090165e-11 4.478897e-11 580.29095 0.0 0.6879562 0.0020411487421074666
epochs :417 7.9159866e-11 2.20897e-11 4.478953e-11 579.3906 0.0 0.6875784 0.0019939394825326485
epochs :418 7.916287e-11 2.2090208e-11 4.4789228e-11 580.1515 0.0 0.6876319 0.0019472436799571136
epochs :419 7.9165285e-11 2.2088314e-11 4.478928e-11 581.02545 0.0 0.6874777 0.0019010631778511968
epochs :420 7.9160914e-11 2.208987e-11 4.478932e-11 580.0633 0.0 0.6876835 0.0018553997993420454
epochs :421 7.9163016e-11 2.2089575e-11 4.4789516e-11 578.24963 0.0 0.6872621 0.0018102553471416574
epochs :422 7.916724e-11 2.20889e-11 4.4789738e-11 579.044 0.0 0.6876155 0.0017656316034756984
epochs :423 7.916456e-11 2.2088314e-11 4.4789606e-11 579.6653 0.0 0.6873351 0.0017215303300131722
epochs :424 7.91644e-11 2.2089408e-11 4.4789814e-11 578.3919 0.0 0.68766063 0.001677953267796832
epochs :425 7.916619e-11 2.2089362e-11 4.478974e-11 580.26764 0.0 0.68718714 0.0016349021371744824
epochs :426 7.9167714e-11 2.2088562e-11 4.4789897e-11 580.0664 0.0 0.6874836 0.0015923786377310426
epochs :427 7.917087e-11 2.20881e-11 4.4789866e-11 581.8193 0.0 0.68744147 0.0015503844482214612
epochs :428 7.9170434e-11 2.208789e-11 4.478985e-11 579.94037 0.0 0.6873613 0.0015089212265044334
epochs :429 7.917132e-11 2.2087387e-11 4.4790116e-11 579.27185 0.0 0.6872301 0.001467990609476957
epochs :430 7.9170434e-11 2.2088562e-11 4.4790043e-11 580.18945 0.0 0.68708426 0.0014275942130097092
epochs :431 7.917132e-11 2.2087677e-11 4.4790255e-11 578.502 0.0 0.6873903 0.0013877336318832447
epochs :432 7.917087e-11 2.2088019e-11 4.4790064e-11 580.08734 0.0 0.6872713 0.0013484104397250647
epochs :433 7.917329e-11 2.2087087e-11 4.4790435e-11 575.48834 0.0 0.6871541 0.001309626188947458
epochs :434 7.917284e-11 2.2087387e-11 4.4790168e-11 578.62885 0.0 0.68735355 0.0012713824106862365
epochs :435 7.9172696e-11 2.2086498e-11 4.479033e-11 578.8356 0.0 0.6874132 0.0012336806147402824
epochs :436 7.916982e-11 2.2087972e-11 4.4790303e-11 578.0073 0.0 0.6873409 0.0011965222895119472
epochs :437 7.917254e-11 2.2087387e-11 4.479036e-11 575.2809 0.0 0.68710625 0.0011599089019482763
epochs :438 7.917451e-11 2.208692e-11 4.4790335e-11 578.9562 0.0 0.6871361 0.0011238418974831273
epochs :439 7.9172696e-11 2.2087592e-11 4.4790376e-11 577.1266 0.0 0.68700385 0.0010883226999800807
epochs :440 7.917058e-11 2.2087592e-11 4.4790498e-11 576.8437 0.0 0.68718284 0.0010533527116762277
epochs :441 7.917344e-11 2.2088054e-11 4.4790345e-11 579.9442 0.0 0.6871524 0.0010189333131268353
epochs :442 7.917103e-11 2.2087724e-11 4.4790442e-11 579.5459 0.0 0.68749607 0.0009850658631508193
epochs :443 7.917556e-11 2.208688e-11 4.4790432e-11 578.6985 0.0 0.6872758 0.0009517516987771153
epochs :444 7.917208e-11 2.2087429e-11 4.479044e-11 579.07916 0.0 0.68721783 0.0009189921351918885
epochs :445 7.91742e-11 2.2087344e-11 4.479049e-11 577.66455 0.0 0.6870515 0.0008867884656866194
epochs :446 7.9173605e-11 2.2087677e-11 4.4790466e-11 577.7355 0.0 0.6869679 0.0008551419616070316
epochs :447 7.917511e-11 2.2087429e-11 4.4790692e-11 577.0812 0.0 0.68698317 0.0008240538723029289
epochs :448 7.9174056e-11 2.2087677e-11 4.4790456e-11 578.2657 0.0 0.6870942 0.000793525425078836
epochs :449 7.9175416e-11 2.2087344e-11 4.4790588e-11 576.9069 0.0 0.6870113 0.0007635578251455789
epochs :450 7.9174965e-11 2.2087677e-11 4.4790498e-11 579.2028 0.0 0.6871644 0.0007341522555726966
epochs :451 7.9174056e-11 2.20873e-11 4.479053e-11 576.64526 0.0 0.6869381 0.0007053098772417184
epochs :452 7.917572e-11 2.2087469e-11 4.4790553e-11 577.67395 0.0 0.6868737 0.0006770318288003553
epochs :453 7.9174056e-11 2.2087469e-11 4.4790567e-11 579.03217 0.0 0.6871446 0.0006493192266175414
epochs :454 7.917254e-11 2.2087972e-11 4.4790508e-11 576.94977 0.0 0.6873526 0.0006221731647393621
epochs :455 7.917375e-11 2.2087387e-11 4.4790522e-11 577.9616 0.0 0.6872394 0.0005955947148458537
epochs :456 7.917451e-11 2.2087429e-11 4.4790633e-11 578.931 0.0 0.6870677 0.0005695849262087124
epochs :457 7.917511e-11 2.208684e-11 4.4790574e-11 579.49695 0.0 0.6868882 0.000544144825649854
epochs :458 7.917329e-11 2.2087806e-11 4.4790588e-11 579.9111 0.0 0.6872556 0.0005192754175008915
epochs :459 7.917556e-11 2.2087677e-11 4.479064e-11 578.99097 0.0 0.68691283 0.0004949776835634748
epochs :460 7.9174965e-11 2.2087174e-11 4.47906e-11 579.22046 0.0 0.6871369 0.0004712525830705336
epochs :461 7.917375e-11 2.2087677e-11 4.479058e-11 578.2845 0.0 0.6870853 0.0004481010526484128
epochs :462 7.91748e-11 2.2087639e-11 4.479068e-11 576.4716 0.0 0.68676764 0.0004255240062798902
epochs :463 7.917344e-11 2.2087972e-11 4.4790577e-11 578.1084 0.0 0.6871425 0.00040352233526810203
epochs :464 7.917315e-11 2.2087724e-11 4.4790567e-11 579.3669 0.0 0.68677765 0.00038209690820134124
epochs :465 7.917344e-11 2.2087849e-11 4.4790616e-11 578.85156 0.0 0.68699384 0.00036124857091878994
epochs :466 7.91739e-11 2.2087724e-11 4.479062e-11 577.7908 0.0 0.68659896 0.00034097814647709757
epochs :467 7.9172696e-11 2.208789e-11 4.4790602e-11 578.2617 0.0 0.68670326 0.0003212864351179188
epochs :468 7.9172696e-11 2.2088054e-11 4.479062e-11 578.59753 0.0 0.6869619 0.00030217421423629694
epochs :469 7.91742e-11 2.2087469e-11 4.4790654e-11 578.87305 0.0 0.686751 0.00028364223834999026
epochs :470 7.917192e-11 2.2088354e-11 4.4790605e-11 576.837 0.0 0.6869373 0.0002656912390696691
epochs :471 7.9172245e-11 2.208789e-11 4.479064e-11 579.0217 0.0 0.6869935 0.00024832192507005406
epochs :472 7.917208e-11 2.2088225e-11 4.4790564e-11 578.03345 0.0 0.6866969 0.00023153498206191994
epochs :473 7.917344e-11 2.208789e-11 4.4790577e-11 579.6408 0.0 0.6867629 0.0002153310727650292
epochs :474 7.917118e-11 2.2088314e-11 4.479055e-11 577.1462 0.0 0.6868328 0.00019971083688197938
epochs :475 7.917239e-11 2.2087934e-11 4.479063e-11 578.5234 0.0 0.6868402 0.00018467489107293504
epochs :476 7.9171794e-11 2.2088144e-11 4.479068e-11 577.3337 0.0 0.6865569 0.0001702238289312907
epochs :477 7.917192e-11 2.2088395e-11 4.47906e-11 577.7311 0.0 0.68683475 0.00015635822096023594
epochs :478 7.917087e-11 2.2088482e-11 4.479057e-11 577.44824 0.0 0.6867391 0.00014307861455023214
epochs :479 7.9173e-11 2.2088144e-11 4.4790612e-11 578.4807 0.0 0.6868953 0.00013038553395740111
epochs :480 7.917239e-11 2.2088182e-11 4.4790574e-11 577.98 0.0 0.68682164 0.00011827948028283349
epochs :481 7.9171794e-11 2.2088354e-11 4.479061e-11 577.9209 0.0 0.6867291 0.00010676093145279616
epochs :482 7.917163e-11 2.2088439e-11 4.479059e-11 577.59265 0.0 0.6867969 9.583034219987404e-05
epochs :483 7.917087e-11 2.2088395e-11 4.479053e-11 578.3065 0.0 0.6870569 8.548814404501611e-05
epochs :484 7.917163e-11 2.2088439e-11 4.4790588e-11 577.7758 0.0 0.6867518 7.573474528049737e-05
epochs :485 7.917132e-11 2.2088439e-11 4.4790616e-11 578.1833 0.0 0.6868054 6.657053095380003e-05
epochs :486 7.917147e-11 2.2088482e-11 4.479055e-11 577.6746 0.0 0.68658316 5.799586285241241e-05
epochs :487 7.917087e-11 2.2088562e-11 4.4790532e-11 577.986 0.0 0.6866643 5.001107948955195e-05
epochs :488 7.917074e-11 2.2088605e-11 4.4790525e-11 577.3399 0.0 0.6868767 4.261649609079097e-05
epochs :489 7.917087e-11 2.2088562e-11 4.479052e-11 577.87836 0.0 0.6867473 3.581240458162159e-05
epochs :490 7.917132e-11 2.2088605e-11 4.479054e-11 577.85876 0.0 0.6866627 2.9599073575926604e-05
epochs :491 7.917074e-11 2.2088734e-11 4.4790508e-11 577.9267 0.0 0.6869552 2.397674836537466e-05
epochs :492 7.917058e-11 2.2088687e-11 4.479052e-11 577.5592 0.0 0.68684286 1.894565090973798e-05
epochs :493 7.9170434e-11 2.2088687e-11 4.479052e-11 577.58606 0.0 0.686688 1.4505979828129395e-05
epochs :494 7.917087e-11 2.2088643e-11 4.4790525e-11 577.82684 0.0 0.6867524 1.0657910391161925e-05
epochs :495 7.917074e-11 2.2088643e-11 4.4790522e-11 577.61383 0.0 0.6867882 7.401594514025997e-06
epochs :496 7.917058e-11 2.2088643e-11 4.479053e-11 577.60596 0.0 0.6867044 4.7371607505009e-06
epochs :497 7.917074e-11 2.2088643e-11 4.4790522e-11 577.6693 0.0 0.68656695 2.6647142878655206e-06
epochs :498 7.917058e-11 2.2088687e-11 4.479053e-11 577.68835 0.0 0.68659157 1.1843369427583234e-06
epochs :499 7.917058e-11 2.2088687e-11 4.4790532e-11 577.7166 0.0 0.6868377 2.960871579432699e-07
